Distribution Factors Results (SYM),Distribution Factors Results (SYM),Distribution Factors Results (SYM),1,1,1,1,1,1,1,1,1,1,1,1,1,1,1,1,1,1,1,1,1,1,1,1,1,1,1,1,1,1,1,1,1,1,1,1,1,1,1,1,10,10,10,10,10,10,10,10,10,10,10,10,10,10,10,10,11,11,11,11,11,11,11,11,12,12,12,12,2,2,2,2,2,2,2,2,2,2,2,2,2,2,2,2,2,2,2,2,2,2,2,2,2,2,2,2,2,2,2,2,2,2,2,2,2,2,2,2,3,3,3,3,3,3,3,3,3,3,3,3,3,3,3,3,3,3,3,3,3,3,3,3,3,3,3,3,3,3,3,3,3,3,3,3,3,3,3,3,4,4,4,4,4,4,4,4,4,4,4,4,4,4,4,4,4,4,4,4,4,4,4,4,4,4,4,4,4,4,4,4,4,4,4,4,4,4,4,4,5,5,5,5,5,5,5,5,5,5,5,5,5,5,5,5,5,5,5,5,5,5,5,5,5,5,5,5,5,5,5,5,5,5,5,5,5,5,5,5,6,6,6,6,6,6,6,6,6,6,6,6,6,6,6,6,6,6,6,6,6,6,6,6,6,6,6,6,6,6,6,6,7,7,7,7,7,7,7,7,7,7,7,7,7,7,7,7,7,7,7,7,7,7,7,7,7,7,7,7,8,8,8,8,8,8,8,8,8,8,8,8,8,8,8,8,8,8,8,8,8,8,8,8,9,9,9,9,9,9,9,9,9,9,9,9,9,9,9,9,9,9,9,9,9,9,9,9,9,9,9,9,NE_04\BB,NE_04\BB,NE_04\BB,NE_04\BB,NW_01\BB,NW_01\BB,NW_01\BB,NW_01\BB,SE_02\BB,SE_02\BB,SE_02\BB,SE_02\BB,NE_01\BB1,NE_01\BB1,NE_01\BB1,NE_01\BB1,NE_02\BB1,NE_02\BB1,NE_02\BB1,NE_02\BB1,NE_03\BB1,NE_03\BB1,NE_03\BB1,NE_03\BB1,NW_02\BB1,NW_02\BB1,NW_02\BB1,NW_02\BB1,NW_03\BB1,NW_03\BB1,NW_03\BB1,NW_03\BB1,SE_03\BB1,SE_03\BB1,SE_03\BB1,SE_03\BB1,SW_01\BB1,SW_01\BB1,SW_01\BB1,SW_01\BB1,SW_02\BB1,SW_02\BB1,SW_02\BB1,SW_02\BB1,SW_03\BB1,SW_03\BB1,SW_03\BB1,SW_03\BB1,SE_01\BB1.1,SE_01\BB1.1,SE_01\BB1.1,SE_01\BB1.1,SE_01\BB1.2,SE_01\BB1.2,SE_01\BB1.2,SE_01\BB1.2,NE_01\BB2,NE_01\BB2,NE_01\BB2,NE_01\BB2,NE_02\BB2,NE_02\BB2,NE_02\BB2,NE_02\BB2,NE_03\BB2,NE_03\BB2,NE_03\BB2,NE_03\BB2,NW_02\BB2,NW_02\BB2,NW_02\BB2,NW_02\BB2,NW_03\BB2,NW_03\BB2,NW_03\BB2,NW_03\BB2,SE_03\BB2,SE_03\BB2,SE_03\BB2,SE_03\BB2,SW_01\BB2,SW_01\BB2,SW_01\BB2,SW_01\BB2,SW_02\BB2,SW_02\BB2,SW_02\BB2,SW_02\BB2,SW_03\BB2,SW_03\BB2,SW_03\BB2,SW_03\BB2,SE_01\BB2.1,SE_01\BB2.1,SE_01\BB2.1,SE_01\BB2.1,SE_01\BB2.2,SE_01\BB2.2,SE_01\BB2.2,SE_01\BB2.2,L1,L1,L1,L1,L1,L1,L1,L1,L1,L1,L1,L1,L2,L2,L2,L2,L2,L2,L2,L2,L2,L2,L2,L2,L3,L3,L3,L3,L3,L3,L3,L3,L3,L3,L3,L3,L4,L4,L4,L4,L4,L4,L4,L4,L4,L4,L4,L4,L5,L5,L5,L5,NE_02_PP\LV_NE_W1,NE_02_PP\LV_NE_W1,NE_02_PP\LV_NE_W1,NE_02_PP\LV_NE_W1,NW_01_PP\LV_NW_PV1,NW_01_PP\LV_NW_PV1,NW_01_PP\LV_NW_PV1,NW_01_PP\LV_NW_PV1,SE_01_PP\LV_SE_PV1,SE_01_PP\LV_SE_PV1,SE_01_PP\LV_SE_PV1,SE_01_PP\LV_SE_PV1,SW_02_PP\LV_SW_PV12,SW_02_PP\LV_SW_PV12,SW_02_PP\LV_SW_PV12,SW_02_PP\LV_SW_PV12,SW_02_PP\LV_SW_PV34,SW_02_PP\LV_SW_PV34,SW_02_PP\LV_SW_PV34,SW_02_PP\LV_SW_PV34,SW_01_PP\LV_SW_W1,SW_01_PP\LV_SW_W1,SW_01_PP\LV_SW_W1,SW_01_PP\LV_SW_W1,SW_01_PP\LV_SW_W2,SW_01_PP\LV_SW_W2,SW_01_PP\LV_SW_W2,SW_01_PP\LV_SW_W2,NE_01_PP\NE_Term_G1,NE_01_PP\NE_Term_G1,NE_01_PP\NE_Term_G1,NE_01_PP\NE_Term_G1,NE_01_PP\NE_Term_G2,NE_01_PP\NE_Term_G2,NE_01_PP\NE_Term_G2,NE_01_PP\NE_Term_G2,NE_04_PP\NE_Term_G7,NE_04_PP\NE_Term_G7,NE_04_PP\NE_Term_G7,NE_04_PP\NE_Term_G7,NE_04_PP\NE_Term_G8,NE_04_PP\NE_Term_G8,NE_04_PP\NE_Term_G8,NE_04_PP\NE_Term_G8,NW_01_PP\NW_Term_G5,NW_01_PP\NW_Term_G5,NW_01_PP\NW_Term_G5,NW_01_PP\NW_Term_G5,NW_01_PP\NW_Term_G6,NW_01_PP\NW_Term_G6,NW_01_PP\NW_Term_G6,NW_01_PP\NW_Term_G6,R1,R1,R1,R1,R1,R1,R1,R1,R1,R1,R1,R1,R2,R2,R2,R2,R2,R2,R2,R2,R2,R2,R2,R2,R3,R3,R3,R3,R3,R3,R3,R3,R3,R3,R3,R3,R4,R4,R4,R4,R4,R4,R4,R4,R4,R4,R4,R4,R5,R5,R5,R5,SE_01_PP\SE_Term_G1,SE_01_PP\SE_Term_G1,SE_01_PP\SE_Term_G1,SE_01_PP\SE_Term_G1,SE_01_PP\SE_Term_G2,SE_01_PP\SE_Term_G2,SE_01_PP\SE_Term_G2,SE_01_PP\SE_Term_G2,SE_02_PP\SE_Term_G5,SE_02_PP\SE_Term_G5,SE_02_PP\SE_Term_G5,SE_02_PP\SE_Term_G5,SE_02_PP\SE_Term_G6,SE_02_PP\SE_Term_G6,SE_02_PP\SE_Term_G6,SE_02_PP\SE_Term_G6,SW_01_PP\SW_Term_G1,SW_01_PP\SW_Term_G1,SW_01_PP\SW_Term_G1,SW_01_PP\SW_Term_G1,SW_01_PP\SW_Term_G2,SW_01_PP\SW_Term_G2,SW_01_PP\SW_Term_G2,SW_01_PP\SW_Term_G2,SW_01_PP\SW_Term_G3,SW_01_PP\SW_Term_G3,SW_01_PP\SW_Term_G3,SW_01_PP\SW_Term_G3,SW_01_PP\SW_Term_G4,SW_01_PP\SW_Term_G4,SW_01_PP\SW_Term_G4,SW_01_PP\SW_Term_G4,SW_02_PP\SW_Term_G5,SW_02_PP\SW_Term_G5,SW_02_PP\SW_Term_G5,SW_02_PP\SW_Term_G5,SW_02_PP\SW_Term_G6,SW_02_PP\SW_Term_G6,SW_02_PP\SW_Term_G6,SW_02_PP\SW_Term_G6,SW_03_PP\SW_Term_G7,SW_03_PP\SW_Term_G7,SW_03_PP\SW_Term_G7,SW_03_PP\SW_Term_G7,SW_03_PP\SW_Term_G8,SW_03_PP\SW_Term_G8,SW_03_PP\SW_Term_G8,SW_03_PP\SW_Term_G8,T1.1,T1.1,T1.1,T1.1,T1.1,T1.1,T1.1,T1.1,T1.1,T1.1,T1.1,T1.1,T1.1,T1.1,T1.1,T1.1,T1.1,T1.1,T1.1,T1.1,T1.1,T1.1,T1.1,T1.1,T1.1,T1.1,T1.1,T1.1,T1.1,T1.1,T1.1,T1.1,T1.1,T1.1,T1.1,T1.1,T1.1,T1.1,T1.1,T1.1,T1.2,T1.2,T1.2,T1.2,T1.2,T1.2,T1.2,T1.2,T1.2,T1.2,T1.2,T1.2,T1.2,T1.2,T1.2,T1.2,T1.2,T1.2,T1.2,T1.2,T1.2,T1.2,T1.2,T1.2,T1.2,T1.2,T1.2,T1.2,T1.2,T1.2,T1.2,T1.2,T1.2,T1.2,T1.2,T1.2,T1.2,T1.2,T1.2,T1.2,T10.1,T10.1,T10.1,T10.1,T10.1,T10.1,T10.1,T10.1,T10.1,T10.1,T10.1,T10.1,T10.1,T10.1,T10.1,T10.1,T10.2,T10.2,T10.2,T10.2,T10.2,T10.2,T10.2,T10.2,T10.2,T10.2,T10.2,T10.2,T10.2,T10.2,T10.2,T10.2,T10.2,T10.2,T10.2,T10.2,T11.1,T11.1,T11.1,T11.1,T11.1,T11.1,T11.1,T11.1,T11.2,T11.2,T11.2,T11.2,T11.2,T11.2,T11.2,T11.2,T11.2,T11.2,T11.2,T11.2,T12.1,T12.1,T12.1,T12.1,T12.2,T12.2,T12.2,T12.2,T2.1,T2.1,T2.1,T2.1,T2.1,T2.1,T2.1,T2.1,T2.1,T2.1,T2.1,T2.1,T2.1,T2.1,T2.1,T2.1,T2.1,T2.1,T2.1,T2.1,T2.1,T2.1,T2.1,T2.1,T2.1,T2.1,T2.1,T2.1,T2.1,T2.1,T2.1,T2.1,T2.1,T2.1,T2.1,T2.1,T2.1,T2.1,T2.1,T2.1,T2.2,T2.2,T2.2,T2.2,T2.2,T2.2,T2.2,T2.2,T2.2,T2.2,T2.2,T2.2,T2.2,T2.2,T2.2,T2.2,T2.2,T2.2,T2.2,T2.2,T2.2,T2.2,T2.2,T2.2,T2.2,T2.2,T2.2,T2.2,T2.2,T2.2,T2.2,T2.2,T2.2,T2.2,T2.2,T2.2,T2.2,T2.2,T2.2,T2.2,T3.1,T3.1,T3.1,T3.1,T3.1,T3.1,T3.1,T3.1,T3.1,T3.1,T3.1,T3.1,T3.1,T3.1,T3.1,T3.1,T3.1,T3.1,T3.1,T3.1,T3.1,T3.1,T3.1,T3.1,T3.1,T3.1,T3.1,T3.1,T3.1,T3.1,T3.1,T3.1,T3.1,T3.1,T3.1,T3.1,T3.1,T3.1,T3.1,T3.1,T3.2,T3.2,T3.2,T3.2,T3.2,T3.2,T3.2,T3.2,T3.2,T3.2,T3.2,T3.2,T3.2,T3.2,T3.2,T3.2,T3.2,T3.2,T3.2,T3.2,T3.2,T3.2,T3.2,T3.2,T3.2,T3.2,T3.2,T3.2,T3.2,T3.2,T3.2,T3.2,T3.2,T3.2,T3.2,T3.2,T3.2,T3.2,T3.2,T3.2,T4.1,T4.1,T4.1,T4.1,T4.1,T4.1,T4.1,T4.1,T4.1,T4.1,T4.1,T4.1,T4.1,T4.1,T4.1,T4.1,T4.1,T4.1,T4.1,T4.1,T4.1,T4.1,T4.1,T4.1,T4.1,T4.1,T4.1,T4.1,T4.1,T4.1,T4.1,T4.1,T4.1,T4.1,T4.1,T4.1,T4.1,T4.1,T4.1,T4.1,T4.2,T4.2,T4.2,T4.2,T4.2,T4.2,T4.2,T4.2,T4.2,T4.2,T4.2,T4.2,T4.2,T4.2,T4.2,T4.2,T4.2,T4.2,T4.2,T4.2,T4.2,T4.2,T4.2,T4.2,T4.2,T4.2,T4.2,T4.2,T4.2,T4.2,T4.2,T4.2,T4.2,T4.2,T4.2,T4.2,T4.2,T4.2,T4.2,T4.2,T5.1,T5.1,T5.1,T5.1,T5.1,T5.1,T5.1,T5.1,T5.1,T5.1,T5.1,T5.1,T5.1,T5.1,T5.1,T5.1,T5.1,T5.1,T5.1,T5.1,T5.1,T5.1,T5.1,T5.1,T5.1,T5.1,T5.1,T5.1,T5.1,T5.1,T5.1,T5.1,T5.1,T5.1,T5.1,T5.1,T5.1,T5.1,T5.1,T5.1,T5.2,T5.2,T5.2,T5.2,T5.2,T5.2,T5.2,T5.2,T5.2,T5.2,T5.2,T5.2,T5.2,T5.2,T5.2,T5.2,T5.2,T5.2,T5.2,T5.2,T5.2,T5.2,T5.2,T5.2,T5.2,T5.2,T5.2,T5.2,T5.2,T5.2,T5.2,T5.2,T5.2,T5.2,T5.2,T5.2,T5.2,T5.2,T5.2,T5.2,T6.1,T6.1,T6.1,T6.1,T6.1,T6.1,T6.1,T6.1,T6.1,T6.1,T6.1,T6.1,T6.1,T6.1,T6.1,T6.1,T6.1,T6.1,T6.1,T6.1,T6.1,T6.1,T6.1,T6.1,T6.1,T6.1,T6.1,T6.1,T6.1,T6.1,T6.1,T6.1,T6.2,T6.2,T6.2,T6.2,T6.2,T6.2,T6.2,T6.2,T6.2,T6.2,T6.2,T6.2,T6.2,T6.2,T6.2,T6.2,T6.2,T6.2,T6.2,T6.2,T6.2,T6.2,T6.2,T6.2,T6.2,T6.2,T6.2,T6.2,T6.2,T6.2,T6.2,T6.2,T6.2,T6.2,T6.2,T6.2,T7.1,T7.1,T7.1,T7.1,T7.1,T7.1,T7.1,T7.1,T7.1,T7.1,T7.1,T7.1,T7.1,T7.1,T7.1,T7.1,T7.1,T7.1,T7.1,T7.1,T7.1,T7.1,T7.1,T7.1,T7.1,T7.1,T7.1,T7.1,T7.2,T7.2,T7.2,T7.2,T7.2,T7.2,T7.2,T7.2,T7.2,T7.2,T7.2,T7.2,T7.2,T7.2,T7.2,T7.2,T7.2,T7.2,T7.2,T7.2,T7.2,T7.2,T7.2,T7.2,T7.2,T7.2,T7.2,T7.2,T8.1,T8.1,T8.1,T8.1,T8.1,T8.1,T8.1,T8.1,T8.1,T8.1,T8.1,T8.1,T8.1,T8.1,T8.1,T8.1,T8.1,T8.1,T8.1,T8.1,T8.1,T8.1,T8.1,T8.1,T8.2,T8.2,T8.2,T8.2,T8.2,T8.2,T8.2,T8.2,T8.2,T8.2,T8.2,T8.2,T8.2,T8.2,T8.2,T8.2,T8.2,T8.2,T8.2,T8.2,T8.2,T8.2,T8.2,T8.2,T8.2,T8.2,T8.2,T8.2,T9.1,T9.1,T9.1,T9.1,T9.1,T9.1,T9.1,T9.1,T9.1,T9.1,T9.1,T9.1,T9.1,T9.1,T9.1,T9.1,T9.1,T9.1,T9.1,T9.1,T9.1,T9.1,T9.1,T9.1,T9.1,T9.1,T9.1,T9.1,T9.2,T9.2,T9.2,T9.2,T9.2,T9.2,T9.2,T9.2,T9.2,T9.2,T9.2,T9.2,T9.2,T9.2,T9.2,T9.2,T9.2,T9.2,T9.2,T9.2,T9.2,T9.2,T9.2,T9.2,T9.2,T9.2,T9.2,T9.2,TBay.1,TBay.1,TBay.1,TBay.1,TBay.1,TBay.1,TBay.1,TBay.1,TBay.1,TBay.1,TBay.1,TBay.1,TBay.1,TBay.1,TBay.1,TBay.1,TBay.1,TBay.1,TBay.1,TBay.1,TBay.1,TBay.1,TBay.1,TBay.1,TBay.1,TBay.1,TBay.1,TBay.1,TBay.2,TBay.2,TBay.2,TBay.2,TBay.2,TBay.2,TBay.2,TBay.2,TBay.2,TBay.2,TBay.2,TBay.2,TBay.2,TBay.2,TBay.2,TBay.2,TBay.2,TBay.2,TBay.2,TBay.2,TBay.2,TBay.2,TBay.2,TBay.2,TBay.2,TBay.2,TBay.2,TBay.2,TL-Bay.1,TL-Bay.1,TL-Bay.1,TL-Bay.1,TL-Bay.2,TL-Bay.2,TL-Bay.2,TL-Bay.2,TL1.1,TL1.1,TL1.1,TL1.1,TL1.1,TL1.1,TL1.1,TL1.1,TL1.1,TL1.1,TL1.1,TL1.1,TL1.2,TL1.2,TL1.2,TL1.2,TL1.2,TL1.2,TL1.2,TL1.2,TL1.2,TL1.2,TL1.2,TL1.2,TL2.1,TL2.1,TL2.1,TL2.1,TL2.1,TL2.1,TL2.1,TL2.1,TL2.1,TL2.1,TL2.1,TL2.1,TL2.2,TL2.2,TL2.2,TL2.2,TL2.2,TL2.2,TL2.2,TL2.2,TL2.2,TL2.2,TL2.2,TL2.2,TL3.1,TL3.1,TL3.1,TL3.1,TL3.1,TL3.1,TL3.1,TL3.1,TL3.1,TL3.1,TL3.1,TL3.1,TL3.2,TL3.2,TL3.2,TL3.2,TL3.2,TL3.2,TL3.2,TL3.2,TL3.2,TL3.2,TL3.2,TL3.2,TL4.1,TL4.1,TL4.1,TL4.1,TL4.1,TL4.1,TL4.1,TL4.1,TL4.1,TL4.1,TL4.1,TL4.1,TL4.2,TL4.2,TL4.2,TL4.2,TL4.2,TL4.2,TL4.2,TL4.2,TL4.2,TL4.2,TL4.2,TL4.2,TL5.1,TL5.1,TL5.1,TL5.1,TL5.2,TL5.2,TL5.2,TL5.2,TR-Bay.1,TR-Bay.1,TR-Bay.1,TR-Bay.1,TR-Bay.2,TR-Bay.2,TR-Bay.2,TR-Bay.2,TR1.1,TR1.1,TR1.1,TR1.1,TR1.1,TR1.1,TR1.1,TR1.1,TR1.1,TR1.1,TR1.1,TR1.1,TR1.2,TR1.2,TR1.2,TR1.2,TR1.2,TR1.2,TR1.2,TR1.2,TR1.2,TR1.2,TR1.2,TR1.2,TR2.1,TR2.1,TR2.1,TR2.1,TR2.1,TR2.1,TR2.1,TR2.1,TR2.1,TR2.1,TR2.1,TR2.1,TR2.2,TR2.2,TR2.2,TR2.2,TR2.2,TR2.2,TR2.2,TR2.2,TR2.2,TR2.2,TR2.2,TR2.2,TR3.1,TR3.1,TR3.1,TR3.1,TR3.1,TR3.1,TR3.1,TR3.1,TR3.1,TR3.1,TR3.1,TR3.1,TR3.2,TR3.2,TR3.2,TR3.2,TR3.2,TR3.2,TR3.2,TR3.2,TR3.2,TR3.2,TR3.2,TR3.2,TR4.1,TR4.1,TR4.1,TR4.1,TR4.1,TR4.1,TR4.1,TR4.1,TR4.1,TR4.1,TR4.1,TR4.1,TR4.2,TR4.2,TR4.2,TR4.2,TR4.2,TR4.2,TR4.2,TR4.2,TR4.2,TR4.2,TR4.2,TR4.2,TR5.1,TR5.1,TR5.1,TR5.1,TR5.2,TR5.2,TR5.2,TR5.2,NE-SE_L1,NE-SE_L1,NE-SE_L1,NE-SE_L2,NE-SE_L2,NE-SE_L2,NE-SW_L1,NE-SW_L1,NE-SW_L1,NE_L1,NE_L1,NE_L1,NE_L2,NE_L2,NE_L2,NE_L4,NE_L4,NE_L4,NE_L5,NE_L5,NE_L5,NE_01_Site\NE_Trf_G1,NE_01_Site\NE_Trf_G1,NE_01_Site\NE_Trf_G1,NE_01_Site\NE_Trf_G1,NE_01_Site\NE_Trf_G1,NE_01_Site\NE_Trf_G2,NE_01_Site\NE_Trf_G2,NE_01_Site\NE_Trf_G2,NE_01_Site\NE_Trf_G2,NE_01_Site\NE_Trf_G2,NE_04_Site\NE_Trf_G7,NE_04_Site\NE_Trf_G7,NE_04_Site\NE_Trf_G7,NE_04_Site\NE_Trf_G7,NE_04_Site\NE_Trf_G7,NE_04_Site\NE_Trf_G8,NE_04_Site\NE_Trf_G8,NE_04_Site\NE_Trf_G8,NE_04_Site\NE_Trf_G8,NE_04_Site\NE_Trf_G8,NE_02_Site\NE_Trf_Wind_1,NE_02_Site\NE_Trf_Wind_1,NE_02_Site\NE_Trf_Wind_1,NE_02_Site\NE_Trf_Wind_1,NE_02_Site\NE_Trf_Wind_1,NW-NE_L1,NW-NE_L1,NW-NE_L1,NW-NE_L2,NW-NE_L2,NW-NE_L2,NW-NE_L3,NW-NE_L3,NW-NE_L3,NW-NE_L4,NW-NE_L4,NW-NE_L4,NW-SW_L1,NW-SW_L1,NW-SW_L1,NW-SW_L2,NW-SW_L2,NW-SW_L2,NW_L1,NW_L1,NW_L1,NW_L2,NW_L2,NW_L2,NW_L3,NW_L3,NW_L3,NW_01_Site\NW_Trf_G5,NW_01_Site\NW_Trf_G5,NW_01_Site\NW_Trf_G5,NW_01_Site\NW_Trf_G5,NW_01_Site\NW_Trf_G5,NW_01_Site\NW_Trf_G6,NW_01_Site\NW_Trf_G6,NW_01_Site\NW_Trf_G6,NW_01_Site\NW_Trf_G6,NW_01_Site\NW_Trf_G6,NW_01_Site\NW_Trf_PV1,NW_01_Site\NW_Trf_PV1,NW_01_Site\NW_Trf_PV1,NW_01_Site\NW_Trf_PV1,NW_01_Site\NW_Trf_PV1,SE_L1,SE_L1,SE_L1,SE_L2,SE_L2,SE_L2,SE_L3,SE_L3,SE_L3,SE_01_Site\SE_Trf_G1,SE_01_Site\SE_Trf_G1,SE_01_Site\SE_Trf_G1,SE_01_Site\SE_Trf_G1,SE_01_Site\SE_Trf_G1,SE_01_Site\SE_Trf_G2,SE_01_Site\SE_Trf_G2,SE_01_Site\SE_Trf_G2,SE_01_Site\SE_Trf_G2,SE_01_Site\SE_Trf_G2,SE_02_Site\SE_Trf_G5,SE_02_Site\SE_Trf_G5,SE_02_Site\SE_Trf_G5,SE_02_Site\SE_Trf_G5,SE_02_Site\SE_Trf_G5,SE_02_Site\SE_Trf_G6,SE_02_Site\SE_Trf_G6,SE_02_Site\SE_Trf_G6,SE_02_Site\SE_Trf_G6,SE_02_Site\SE_Trf_G6,SE_01_Site\SE_Trf_PV1,SE_01_Site\SE_Trf_PV1,SE_01_Site\SE_Trf_PV1,SE_01_Site\SE_Trf_PV1,SE_01_Site\SE_Trf_PV1,SW_L1,SW_L1,SW_L1,SW_L2,SW_L2,SW_L2,SW_L3,SW_L3,SW_L3,SW_L4,SW_L4,SW_L4,SW_L5,SW_L5,SW_L5,SW_01_Site\SW_Trf_G1,SW_01_Site\SW_Trf_G1,SW_01_Site\SW_Trf_G1,SW_01_Site\SW_Trf_G1,SW_01_Site\SW_Trf_G1,SW_01_Site\SW_Trf_G2,SW_01_Site\SW_Trf_G2,SW_01_Site\SW_Trf_G2,SW_01_Site\SW_Trf_G2,SW_01_Site\SW_Trf_G2,SW_01_Site\SW_Trf_G3,SW_01_Site\SW_Trf_G3,SW_01_Site\SW_Trf_G3,SW_01_Site\SW_Trf_G3,SW_01_Site\SW_Trf_G3,SW_01_Site\SW_Trf_G4,SW_01_Site\SW_Trf_G4,SW_01_Site\SW_Trf_G4,SW_01_Site\SW_Trf_G4,SW_01_Site\SW_Trf_G4,SW_02_Site\SW_Trf_G5,SW_02_Site\SW_Trf_G5,SW_02_Site\SW_Trf_G5,SW_02_Site\SW_Trf_G5,SW_02_Site\SW_Trf_G5,SW_02_Site\SW_Trf_G6,SW_02_Site\SW_Trf_G6,SW_02_Site\SW_Trf_G6,SW_02_Site\SW_Trf_G6,SW_02_Site\SW_Trf_G6,SW_03_Site\SW_Trf_G7,SW_03_Site\SW_Trf_G7,SW_03_Site\SW_Trf_G7,SW_03_Site\SW_Trf_G7,SW_03_Site\SW_Trf_G7,SW_03_Site\SW_Trf_G8,SW_03_Site\SW_Trf_G8,SW_03_Site\SW_Trf_G8,SW_03_Site\SW_Trf_G8,SW_03_Site\SW_Trf_G8,SW_02_Site\SW_Trf_PV12,SW_02_Site\SW_Trf_PV12,SW_02_Site\SW_Trf_PV12,SW_02_Site\SW_Trf_PV12,SW_02_Site\SW_Trf_PV12,SW_02_Site\SW_Trf_PV34,SW_02_Site\SW_Trf_PV34,SW_02_Site\SW_Trf_PV34,SW_02_Site\SW_Trf_PV34,SW_02_Site\SW_Trf_PV34,SW_01_Site\SW_Trf_Wind1,SW_01_Site\SW_Trf_Wind1,SW_01_Site\SW_Trf_Wind1,SW_01_Site\SW_Trf_Wind1,SW_01_Site\SW_Trf_Wind1,SW_01_Site\SW_Trf_Wind2,SW_01_Site\SW_Trf_Wind2,SW_01_Site\SW_Trf_Wind2,SW_01_Site\SW_Trf_Wind2,SW_01_Site\SW_Trf_Wind2,Distribution Factors Results (SYM),Distribution Factors Results (SYM),Distribution Factors Results (SYM),Distribution Factors Results (SYM),Distribution Factors Results (SYM),Distribution Factors Results (SYM),Distribution Factors Results (SYM),Distribution Factors Results (SYM)
"Index","Calculation mode","Contingency Case Index","dphi/dP Sensitivity in deg/MW","dv/dP Sensitivity in p.u./MW","dphi/dtap Sensitivity in deg/tap","dv/dtap Sensitivity in p.u./tap","dphi/dP Sensitivity in deg/MW","dv/dP Sensitivity in p.u./MW","dphi/dtap Sensitivity in deg/tap","dv/dtap Sensitivity in p.u./tap","dphi/dP Sensitivity in deg/MW","dv/dP Sensitivity in p.u./MW","dphi/dtap Sensitivity in deg/tap","dv/dtap Sensitivity in p.u./tap","dphi/dP Sensitivity in deg/MW","dv/dP Sensitivity in p.u./MW","dphi/dtap Sensitivity in deg/tap","dv/dtap Sensitivity in p.u./tap","dphi/dP Sensitivity in deg/MW","dv/dP Sensitivity in p.u./MW","dphi/dtap Sensitivity in deg/tap","dv/dtap Sensitivity in p.u./tap","dphi/dP Sensitivity in deg/MW","dv/dP Sensitivity in p.u./MW","dphi/dtap Sensitivity in deg/tap","dv/dtap Sensitivity in p.u./tap","dphi/dP Sensitivity in deg/MW","dv/dP Sensitivity in p.u./MW","dphi/dtap Sensitivity in deg/tap","dv/dtap Sensitivity in p.u./tap","dphi/dP Sensitivity in deg/MW","dv/dP Sensitivity in p.u./MW","dphi/dtap Sensitivity in deg/tap","dv/dtap Sensitivity in p.u./tap","dphi/dP Sensitivity in deg/MW","dv/dP Sensitivity in p.u./MW","dphi/dtap Sensitivity in deg/tap","dv/dtap Sensitivity in p.u./tap","dphi/dP Sensitivity in deg/MW","dv/dP Sensitivity in p.u./MW","dphi/dtap Sensitivity in deg/tap","dv/dtap Sensitivity in p.u./tap","dphi/dP Sensitivity in deg/MW","dv/dP Sensitivity in p.u./MW","dphi/dtap Sensitivity in deg/tap","dv/dtap Sensitivity in p.u./tap","dphi/dP Sensitivity in deg/MW","dv/dP Sensitivity in p.u./MW","dphi/dtap Sensitivity in deg/tap","dv/dtap Sensitivity in p.u./tap","dphi/dP Sensitivity in deg/MW","dv/dP Sensitivity in p.u./MW","dphi/dtap Sensitivity in deg/tap","dv/dtap Sensitivity in p.u./tap","dphi/dP Sensitivity in deg/MW","dv/dP Sensitivity in p.u./MW","dphi/dtap Sensitivity in deg/tap","dv/dtap Sensitivity in p.u./tap","dphi/dP Sensitivity in deg/MW","dv/dP Sensitivity in p.u./MW","dphi/dtap Sensitivity in deg/tap","dv/dtap Sensitivity in p.u./tap","dphi/dP Sensitivity in deg/MW","dv/dP Sensitivity in p.u./MW","dphi/dtap Sensitivity in deg/tap","dv/dtap Sensitivity in p.u./tap","dphi/dP Sensitivity in deg/MW","dv/dP Sensitivity in p.u./MW","dphi/dtap Sensitivity in deg/tap","dv/dtap Sensitivity in p.u./tap","dphi/dP Sensitivity in deg/MW","dv/dP Sensitivity in p.u./MW","dphi/dtap Sensitivity in deg/tap","dv/dtap Sensitivity in p.u./tap","dphi/dP Sensitivity in deg/MW","dv/dP Sensitivity in p.u./MW","dphi/dtap Sensitivity in deg/tap","dv/dtap Sensitivity in p.u./tap","dphi/dP Sensitivity in deg/MW","dv/dP Sensitivity in p.u./MW","dphi/dtap Sensitivity in deg/tap","dv/dtap Sensitivity in p.u./tap","dphi/dP Sensitivity in deg/MW","dv/dP Sensitivity in p.u./MW","dphi/dtap Sensitivity in deg/tap","dv/dtap Sensitivity in p.u./tap","dphi/dP Sensitivity in deg/MW","dv/dP Sensitivity in p.u./MW","dphi/dtap Sensitivity in deg/tap","dv/dtap Sensitivity in p.u./tap","dphi/dP Sensitivity in deg/MW","dv/dP Sensitivity in p.u./MW","dphi/dtap Sensitivity in deg/tap","dv/dtap Sensitivity in p.u./tap","dphi/dP Sensitivity in deg/MW","dv/dP Sensitivity in p.u./MW","dphi/dtap Sensitivity in deg/tap","dv/dtap Sensitivity in p.u./tap","dphi/dP Sensitivity in deg/MW","dv/dP Sensitivity in p.u./MW","dphi/dtap Sensitivity in deg/tap","dv/dtap Sensitivity in p.u./tap","dphi/dP Sensitivity in deg/MW","dv/dP Sensitivity in p.u./MW","dphi/dtap Sensitivity in deg/tap","dv/dtap Sensitivity in p.u./tap","dphi/dP Sensitivity in deg/MW","dv/dP Sensitivity in p.u./MW","dphi/dtap Sensitivity in deg/tap","dv/dtap Sensitivity in p.u./tap","dphi/dP Sensitivity in deg/MW","dv/dP Sensitivity in p.u./MW","dphi/dtap Sensitivity in deg/tap","dv/dtap Sensitivity in p.u./tap","dphi/dP Sensitivity in deg/MW","dv/dP Sensitivity in p.u./MW","dphi/dtap Sensitivity in deg/tap","dv/dtap Sensitivity in p.u./tap","dphi/dP Sensitivity in deg/MW","dv/dP Sensitivity in p.u./MW","dphi/dtap Sensitivity in deg/tap","dv/dtap Sensitivity in p.u./tap","dphi/dP Sensitivity in deg/MW","dv/dP Sensitivity in p.u./MW","dphi/dtap Sensitivity in deg/tap","dv/dtap Sensitivity in p.u./tap","dphi/dP Sensitivity in deg/MW","dv/dP Sensitivity in p.u./MW","dphi/dtap Sensitivity in deg/tap","dv/dtap Sensitivity in p.u./tap","dphi/dP Sensitivity in deg/MW","dv/dP Sensitivity in p.u./MW","dphi/dtap Sensitivity in deg/tap","dv/dtap Sensitivity in p.u./tap","dphi/dP Sensitivity in deg/MW","dv/dP Sensitivity in p.u./MW","dphi/dtap Sensitivity in deg/tap","dv/dtap Sensitivity in p.u./tap","dphi/dP Sensitivity in deg/MW","dv/dP Sensitivity in p.u./MW","dphi/dtap Sensitivity in deg/tap","dv/dtap Sensitivity in p.u./tap","dphi/dP Sensitivity in deg/MW","dv/dP Sensitivity in p.u./MW","dphi/dtap Sensitivity in deg/tap","dv/dtap Sensitivity in p.u./tap","dphi/dP Sensitivity in deg/MW","dv/dP Sensitivity in p.u./MW","dphi/dtap Sensitivity in deg/tap","dv/dtap Sensitivity in p.u./tap","dphi/dP Sensitivity in deg/MW","dv/dP Sensitivity in p.u./MW","dphi/dtap Sensitivity in deg/tap","dv/dtap Sensitivity in p.u./tap","dphi/dP Sensitivity in deg/MW","dv/dP Sensitivity in p.u./MW","dphi/dtap Sensitivity in deg/tap","dv/dtap Sensitivity in p.u./tap","dphi/dP Sensitivity in deg/MW","dv/dP Sensitivity in p.u./MW","dphi/dtap Sensitivity in deg/tap","dv/dtap Sensitivity in p.u./tap","dphi/dP Sensitivity in deg/MW","dv/dP Sensitivity in p.u./MW","dphi/dtap Sensitivity in deg/tap","dv/dtap Sensitivity in p.u./tap","dphi/dP Sensitivity in deg/MW","dv/dP Sensitivity in p.u./MW","dphi/dtap Sensitivity in deg/tap","dv/dtap Sensitivity in p.u./tap","dphi/dP Sensitivity in deg/MW","dv/dP Sensitivity in p.u./MW","dphi/dtap Sensitivity in deg/tap","dv/dtap Sensitivity in p.u./tap","dphi/dP Sensitivity in deg/MW","dv/dP Sensitivity in p.u./MW","dphi/dtap Sensitivity in deg/tap","dv/dtap Sensitivity in p.u./tap","dphi/dP Sensitivity in deg/MW","dv/dP Sensitivity in p.u./MW","dphi/dtap Sensitivity in deg/tap","dv/dtap Sensitivity in p.u./tap","dphi/dP Sensitivity in deg/MW","dv/dP Sensitivity in p.u./MW","dphi/dtap Sensitivity in deg/tap","dv/dtap Sensitivity in p.u./tap","dphi/dP Sensitivity in deg/MW","dv/dP Sensitivity in p.u./MW","dphi/dtap Sensitivity in deg/tap","dv/dtap Sensitivity in p.u./tap","dphi/dP Sensitivity in deg/MW","dv/dP Sensitivity in p.u./MW","dphi/dtap Sensitivity in deg/tap","dv/dtap Sensitivity in p.u./tap","dphi/dP Sensitivity in deg/MW","dv/dP Sensitivity in p.u./MW","dphi/dtap Sensitivity in deg/tap","dv/dtap Sensitivity in p.u./tap","dphi/dP Sensitivity in deg/MW","dv/dP Sensitivity in p.u./MW","dphi/dtap Sensitivity in deg/tap","dv/dtap Sensitivity in p.u./tap","dphi/dP Sensitivity in deg/MW","dv/dP Sensitivity in p.u./MW","dphi/dtap Sensitivity in deg/tap","dv/dtap Sensitivity in p.u./tap","dphi/dP Sensitivity in deg/MW","dv/dP Sensitivity in p.u./MW","dphi/dtap Sensitivity in deg/tap","dv/dtap Sensitivity in p.u./tap","dphi/dP Sensitivity in deg/MW","dv/dP Sensitivity in p.u./MW","dphi/dtap Sensitivity in deg/tap","dv/dtap Sensitivity in p.u./tap","dphi/dP Sensitivity in deg/MW","dv/dP Sensitivity in p.u./MW","dphi/dtap Sensitivity in deg/tap","dv/dtap Sensitivity in p.u./tap","dphi/dP Sensitivity in deg/MW","dv/dP Sensitivity in p.u./MW","dphi/dtap Sensitivity in deg/tap","dv/dtap Sensitivity in p.u./tap","dphi/dP Sensitivity in deg/MW","dv/dP Sensitivity in p.u./MW","dphi/dtap Sensitivity in deg/tap","dv/dtap Sensitivity in p.u./tap","dphi/dP Sensitivity in deg/MW","dv/dP Sensitivity in p.u./MW","dphi/dtap Sensitivity in deg/tap","dv/dtap Sensitivity in p.u./tap","dphi/dP Sensitivity in deg/MW","dv/dP Sensitivity in p.u./MW","dphi/dtap Sensitivity in deg/tap","dv/dtap Sensitivity in p.u./tap","dphi/dP Sensitivity in deg/MW","dv/dP Sensitivity in p.u./MW","dphi/dtap Sensitivity in deg/tap","dv/dtap Sensitivity in p.u./tap","dphi/dP Sensitivity in deg/MW","dv/dP Sensitivity in p.u./MW","dphi/dtap Sensitivity in deg/tap","dv/dtap Sensitivity in p.u./tap","dphi/dP Sensitivity in deg/MW","dv/dP Sensitivity in p.u./MW","dphi/dtap Sensitivity in deg/tap","dv/dtap Sensitivity in p.u./tap","dphi/dP Sensitivity in deg/MW","dv/dP Sensitivity in p.u./MW","dphi/dtap Sensitivity in deg/tap","dv/dtap Sensitivity in p.u./tap","dphi/dP Sensitivity in deg/MW","dv/dP Sensitivity in p.u./MW","dphi/dtap Sensitivity in deg/tap","dv/dtap Sensitivity in p.u./tap","dphi/dP Sensitivity in deg/MW","dv/dP Sensitivity in p.u./MW","dphi/dtap Sensitivity in deg/tap","dv/dtap Sensitivity in p.u./tap","dphi/dP Sensitivity in deg/MW","dv/dP Sensitivity in p.u./MW","dphi/dtap Sensitivity in deg/tap","dv/dtap Sensitivity in p.u./tap","dphi/dP Sensitivity in deg/MW","dv/dP Sensitivity in p.u./MW","dphi/dtap Sensitivity in deg/tap","dv/dtap Sensitivity in p.u./tap","dphi/dP Sensitivity in deg/MW","dv/dP Sensitivity in p.u./MW","dphi/dtap Sensitivity in deg/tap","dv/dtap Sensitivity in p.u./tap","dphi/dP Sensitivity in deg/MW","dv/dP Sensitivity in p.u./MW","dphi/dtap Sensitivity in deg/tap","dv/dtap Sensitivity in p.u./tap","dphi/dP Sensitivity in deg/MW","dv/dP Sensitivity in p.u./MW","dphi/dtap Sensitivity in deg/tap","dv/dtap Sensitivity in p.u./tap","dphi/dP Sensitivity in deg/MW","dv/dP Sensitivity in p.u./MW","dphi/dtap Sensitivity in deg/tap","dv/dtap Sensitivity in p.u./tap","dphi/dP Sensitivity in deg/MW","dv/dP Sensitivity in p.u./MW","dphi/dtap Sensitivity in deg/tap","dv/dtap Sensitivity in p.u./tap","dphi/dP Sensitivity in deg/MW","dv/dP Sensitivity in p.u./MW","dphi/dtap Sensitivity in deg/tap","dv/dtap Sensitivity in p.u./tap","dphi/dP Sensitivity in deg/MW","dv/dP Sensitivity in p.u./MW","dphi/dtap Sensitivity in deg/tap","dv/dtap Sensitivity in p.u./tap","dphi/dP Sensitivity in deg/MW","dv/dP Sensitivity in p.u./MW","dphi/dtap Sensitivity in deg/tap","dv/dtap Sensitivity in p.u./tap","dphi/dP Sensitivity in deg/MW","dv/dP Sensitivity in p.u./MW","dphi/dtap Sensitivity in deg/tap","dv/dtap Sensitivity in p.u./tap","dphi/dP Sensitivity in deg/MW","dv/dP Sensitivity in p.u./MW","dphi/dtap Sensitivity in deg/tap","dv/dtap Sensitivity in p.u./tap","dphi/dP Sensitivity in deg/MW","dv/dP Sensitivity in p.u./MW","dphi/dtap Sensitivity in deg/tap","dv/dtap Sensitivity in p.u./tap","dphi/dP Sensitivity in deg/MW","dv/dP Sensitivity in p.u./MW","dphi/dtap Sensitivity in deg/tap","dv/dtap Sensitivity in p.u./tap","dphi/dP Sensitivity in deg/MW","dv/dP Sensitivity in p.u./MW","dphi/dtap Sensitivity in deg/tap","dv/dtap Sensitivity in p.u./tap","dphi/dP Sensitivity in deg/MW","dv/dP Sensitivity in p.u./MW","dphi/dtap Sensitivity in deg/tap","dv/dtap Sensitivity in p.u./tap","dphi/dP Sensitivity in deg/MW","dv/dP Sensitivity in p.u./MW","dphi/dtap Sensitivity in deg/tap","dv/dtap Sensitivity in p.u./tap","dphi/dP Sensitivity in deg/MW","dv/dP Sensitivity in p.u./MW","dphi/dtap Sensitivity in deg/tap","dv/dtap Sensitivity in p.u./tap","dphi/dP Sensitivity in deg/MW","dv/dP Sensitivity in p.u./MW","dphi/dtap Sensitivity in deg/tap","dv/dtap Sensitivity in p.u./tap","dphi/dP Sensitivity in deg/MW","dv/dP Sensitivity in p.u./MW","dphi/dtap Sensitivity in deg/tap","dv/dtap Sensitivity in p.u./tap","dphi/dP Sensitivity in deg/MW","dv/dP Sensitivity in p.u./MW","dphi/dtap Sensitivity in deg/tap","dv/dtap Sensitivity in p.u./tap","dphi/dP Sensitivity in deg/MW","dv/dP Sensitivity in p.u./MW","dphi/dtap Sensitivity in deg/tap","dv/dtap Sensitivity in p.u./tap","dphi/dP Sensitivity in deg/MW","dv/dP Sensitivity in p.u./MW","dphi/dtap Sensitivity in deg/tap","dv/dtap Sensitivity in p.u./tap","dphi/dP Sensitivity in deg/MW","dv/dP Sensitivity in p.u./MW","dphi/dtap Sensitivity in deg/tap","dv/dtap Sensitivity in p.u./tap","dphi/dP Sensitivity in deg/MW","dv/dP Sensitivity in p.u./MW","dphi/dtap Sensitivity in deg/tap","dv/dtap Sensitivity in p.u./tap","dphi/dP Sensitivity in deg/MW","dv/dP Sensitivity in p.u./MW","dphi/dtap Sensitivity in deg/tap","dv/dtap Sensitivity in p.u./tap","dphi/dP Sensitivity in deg/MW","dv/dP Sensitivity in p.u./MW","dphi/dtap Sensitivity in deg/tap","dv/dtap Sensitivity in p.u./tap","dphi/dP Sensitivity in deg/MW","dv/dP Sensitivity in p.u./MW","dphi/dtap Sensitivity in deg/tap","dv/dtap Sensitivity in p.u./tap","dphi/dP Sensitivity in deg/MW","dv/dP Sensitivity in p.u./MW","dphi/dtap Sensitivity in deg/tap","dv/dtap Sensitivity in p.u./tap","dphi/dP Sensitivity in deg/MW","dv/dP Sensitivity in p.u./MW","dphi/dtap Sensitivity in deg/tap","dv/dtap Sensitivity in p.u./tap","dphi/dP Sensitivity in deg/MW","dv/dP Sensitivity in p.u./MW","dphi/dtap Sensitivity in deg/tap","dv/dtap Sensitivity in p.u./tap","dphi/dP Sensitivity in deg/MW","dv/dP Sensitivity in p.u./MW","dphi/dtap Sensitivity in deg/tap","dv/dtap Sensitivity in p.u./tap","dphi/dP Sensitivity in deg/MW","dv/dP Sensitivity in p.u./MW","dphi/dtap Sensitivity in deg/tap","dv/dtap Sensitivity in p.u./tap","dphi/dP Sensitivity in deg/MW","dv/dP Sensitivity in p.u./MW","dphi/dtap Sensitivity in deg/tap","dv/dtap Sensitivity in p.u./tap","dphi/dP Sensitivity in deg/MW","dv/dP Sensitivity in p.u./MW","dphi/dtap Sensitivity in deg/tap","dv/dtap Sensitivity in p.u./tap","dphi/dP Sensitivity in deg/MW","dv/dP Sensitivity in p.u./MW","dphi/dtap Sensitivity in deg/tap","dv/dtap Sensitivity in p.u./tap","dphi/dP Sensitivity in deg/MW","dv/dP Sensitivity in p.u./MW","dphi/dtap Sensitivity in deg/tap","dv/dtap Sensitivity in p.u./tap","dphi/dP Sensitivity in deg/MW","dv/dP Sensitivity in p.u./MW","dphi/dtap Sensitivity in deg/tap","dv/dtap Sensitivity in p.u./tap","dphi/dP Sensitivity in deg/MW","dv/dP Sensitivity in p.u./MW","dphi/dtap Sensitivity in deg/tap","dv/dtap Sensitivity in p.u./tap","dphi/dP Sensitivity in deg/MW","dv/dP Sensitivity in p.u./MW","dphi/dtap Sensitivity in deg/tap","dv/dtap Sensitivity in p.u./tap","dphi/dP Sensitivity in deg/MW","dv/dP Sensitivity in p.u./MW","dphi/dtap Sensitivity in deg/tap","dv/dtap Sensitivity in p.u./tap","dphi/dP Sensitivity in deg/MW","dv/dP Sensitivity in p.u./MW","dphi/dtap Sensitivity in deg/tap","dv/dtap Sensitivity in p.u./tap","dphi/dP Sensitivity in deg/MW","dv/dP Sensitivity in p.u./MW","dphi/dtap Sensitivity in deg/tap","dv/dtap Sensitivity in p.u./tap","dphi/dP Sensitivity in deg/MW","dv/dP Sensitivity in p.u./MW","dphi/dtap Sensitivity in deg/tap","dv/dtap Sensitivity in p.u./tap","dphi/dP Sensitivity in deg/MW","dv/dP Sensitivity in p.u./MW","dphi/dtap Sensitivity in deg/tap","dv/dtap Sensitivity in p.u./tap","dphi/dP Sensitivity in deg/MW","dv/dP Sensitivity in p.u./MW","dphi/dtap Sensitivity in deg/tap","dv/dtap Sensitivity in p.u./tap","dphi/dP Sensitivity in deg/MW","dv/dP Sensitivity in p.u./MW","dphi/dtap Sensitivity in deg/tap","dv/dtap Sensitivity in p.u./tap","dphi/dP Sensitivity in deg/MW","dv/dP Sensitivity in p.u./MW","dphi/dtap Sensitivity in deg/tap","dv/dtap Sensitivity in p.u./tap","dphi/dP Sensitivity in deg/MW","dv/dP Sensitivity in p.u./MW","dphi/dtap Sensitivity in deg/tap","dv/dtap Sensitivity in p.u./tap","dphi/dP Sensitivity in deg/MW","dv/dP Sensitivity in p.u./MW","dphi/dtap Sensitivity in deg/tap","dv/dtap Sensitivity in p.u./tap","dphi/dP Sensitivity in deg/MW","dv/dP Sensitivity in p.u./MW","dphi/dtap Sensitivity in deg/tap","dv/dtap Sensitivity in p.u./tap","dphi/dP Sensitivity in deg/MW","dv/dP Sensitivity in p.u./MW","dphi/dtap Sensitivity in deg/tap","dv/dtap Sensitivity in p.u./tap","dphi/dP Sensitivity in deg/MW","dv/dP Sensitivity in p.u./MW","dphi/dtap Sensitivity in deg/tap","dv/dtap Sensitivity in p.u./tap","dphi/dP Sensitivity in deg/MW","dv/dP Sensitivity in p.u./MW","dphi/dtap Sensitivity in deg/tap","dv/dtap Sensitivity in p.u./tap","dphi/dP Sensitivity in deg/MW","dv/dP Sensitivity in p.u./MW","dphi/dtap Sensitivity in deg/tap","dv/dtap Sensitivity in p.u./tap","dphi/dP Sensitivity in deg/MW","dv/dP Sensitivity in p.u./MW","dphi/dtap Sensitivity in deg/tap","dv/dtap Sensitivity in p.u./tap","dphi/dP Sensitivity in deg/MW","dv/dP Sensitivity in p.u./MW","dphi/dtap Sensitivity in deg/tap","dv/dtap Sensitivity in p.u./tap","dphi/dP Sensitivity in deg/MW","dv/dP Sensitivity in p.u./MW","dphi/dtap Sensitivity in deg/tap","dv/dtap Sensitivity in p.u./tap","dphi/dP Sensitivity in deg/MW","dv/dP Sensitivity in p.u./MW","dphi/dtap Sensitivity in deg/tap","dv/dtap Sensitivity in p.u./tap","dphi/dP Sensitivity in deg/MW","dv/dP Sensitivity in p.u./MW","dphi/dtap Sensitivity in deg/tap","dv/dtap Sensitivity in p.u./tap","dphi/dP Sensitivity in deg/MW","dv/dP Sensitivity in p.u./MW","dphi/dtap Sensitivity in deg/tap","dv/dtap Sensitivity in p.u./tap","dphi/dP Sensitivity in deg/MW","dv/dP Sensitivity in p.u./MW","dphi/dtap Sensitivity in deg/tap","dv/dtap Sensitivity in p.u./tap","dphi/dP Sensitivity in deg/MW","dv/dP Sensitivity in p.u./MW","dphi/dtap Sensitivity in deg/tap","dv/dtap Sensitivity in p.u./tap","dphi/dP Sensitivity in deg/MW","dv/dP Sensitivity in p.u./MW","dphi/dtap Sensitivity in deg/tap","dv/dtap Sensitivity in p.u./tap","dphi/dP Sensitivity in deg/MW","dv/dP Sensitivity in p.u./MW","dphi/dtap Sensitivity in deg/tap","dv/dtap Sensitivity in p.u./tap","dphi/dP Sensitivity in deg/MW","dv/dP Sensitivity in p.u./MW","dphi/dtap Sensitivity in deg/tap","dv/dtap Sensitivity in p.u./tap","dphi/dP Sensitivity in deg/MW","dv/dP Sensitivity in p.u./MW","dphi/dtap Sensitivity in deg/tap","dv/dtap Sensitivity in p.u./tap","dphi/dP Sensitivity in deg/MW","dv/dP Sensitivity in p.u./MW","dphi/dtap Sensitivity in deg/tap","dv/dtap Sensitivity in p.u./tap","dphi/dP Sensitivity in deg/MW","dv/dP Sensitivity in p.u./MW","dphi/dtap Sensitivity in deg/tap","dv/dtap Sensitivity in p.u./tap","dphi/dP Sensitivity in deg/MW","dv/dP Sensitivity in p.u./MW","dphi/dtap Sensitivity in deg/tap","dv/dtap Sensitivity in p.u./tap","dphi/dP Sensitivity in deg/MW","dv/dP Sensitivity in p.u./MW","dphi/dtap Sensitivity in deg/tap","dv/dtap Sensitivity in p.u./tap","dphi/dP Sensitivity in deg/MW","dv/dP Sensitivity in p.u./MW","dphi/dtap Sensitivity in deg/tap","dv/dtap Sensitivity in p.u./tap","dphi/dP Sensitivity in deg/MW","dv/dP Sensitivity in p.u./MW","dphi/dtap Sensitivity in deg/tap","dv/dtap Sensitivity in p.u./tap","dphi/dP Sensitivity in deg/MW","dv/dP Sensitivity in p.u./MW","dphi/dtap Sensitivity in deg/tap","dv/dtap Sensitivity in p.u./tap","dphi/dP Sensitivity in deg/MW","dv/dP Sensitivity in p.u./MW","dphi/dtap Sensitivity in deg/tap","dv/dtap Sensitivity in p.u./tap","dphi/dP Sensitivity in deg/MW","dv/dP Sensitivity in p.u./MW","dphi/dtap Sensitivity in deg/tap","dv/dtap Sensitivity in p.u./tap","dphi/dP Sensitivity in deg/MW","dv/dP Sensitivity in p.u./MW","dphi/dtap Sensitivity in deg/tap","dv/dtap Sensitivity in p.u./tap","dphi/dP Sensitivity in deg/MW","dv/dP Sensitivity in p.u./MW","dphi/dtap Sensitivity in deg/tap","dv/dtap Sensitivity in p.u./tap","dphi/dP Sensitivity in deg/MW","dv/dP Sensitivity in p.u./MW","dphi/dtap Sensitivity in deg/tap","dv/dtap Sensitivity in p.u./tap","dphi/dP Sensitivity in deg/MW","dv/dP Sensitivity in p.u./MW","dphi/dtap Sensitivity in deg/tap","dv/dtap Sensitivity in p.u./tap","dphi/dP Sensitivity in deg/MW","dv/dP Sensitivity in p.u./MW","dphi/dtap Sensitivity in deg/tap","dv/dtap Sensitivity in p.u./tap","dphi/dP Sensitivity in deg/MW","dv/dP Sensitivity in p.u./MW","dphi/dtap Sensitivity in deg/tap","dv/dtap Sensitivity in p.u./tap","dphi/dP Sensitivity in deg/MW","dv/dP Sensitivity in p.u./MW","dphi/dtap Sensitivity in deg/tap","dv/dtap Sensitivity in p.u./tap","dphi/dP Sensitivity in deg/MW","dv/dP Sensitivity in p.u./MW","dphi/dtap Sensitivity in deg/tap","dv/dtap Sensitivity in p.u./tap","dphi/dP Sensitivity in deg/MW","dv/dP Sensitivity in p.u./MW","dphi/dtap Sensitivity in deg/tap","dv/dtap Sensitivity in p.u./tap","dphi/dP Sensitivity in deg/MW","dv/dP Sensitivity in p.u./MW","dphi/dtap Sensitivity in deg/tap","dv/dtap Sensitivity in p.u./tap","dphi/dP Sensitivity in deg/MW","dv/dP Sensitivity in p.u./MW","dphi/dtap Sensitivity in deg/tap","dv/dtap Sensitivity in p.u./tap","dphi/dP Sensitivity in deg/MW","dv/dP Sensitivity in p.u./MW","dphi/dtap Sensitivity in deg/tap","dv/dtap Sensitivity in p.u./tap","dphi/dP Sensitivity in deg/MW","dv/dP Sensitivity in p.u./MW","dphi/dtap Sensitivity in deg/tap","dv/dtap Sensitivity in p.u./tap","dphi/dP Sensitivity in deg/MW","dv/dP Sensitivity in p.u./MW","dphi/dtap Sensitivity in deg/tap","dv/dtap Sensitivity in p.u./tap","dphi/dP Sensitivity in deg/MW","dv/dP Sensitivity in p.u./MW","dphi/dtap Sensitivity in deg/tap","dv/dtap Sensitivity in p.u./tap","dphi/dP Sensitivity in deg/MW","dv/dP Sensitivity in p.u./MW","dphi/dtap Sensitivity in deg/tap","dv/dtap Sensitivity in p.u./tap","dphi/dP Sensitivity in deg/MW","dv/dP Sensitivity in p.u./MW","dphi/dtap Sensitivity in deg/tap","dv/dtap Sensitivity in p.u./tap","dphi/dP Sensitivity in deg/MW","dv/dP Sensitivity in p.u./MW","dphi/dtap Sensitivity in deg/tap","dv/dtap Sensitivity in p.u./tap","dphi/dP Sensitivity in deg/MW","dv/dP Sensitivity in p.u./MW","dphi/dtap Sensitivity in deg/tap","dv/dtap Sensitivity in p.u./tap","dphi/dP Sensitivity in deg/MW","dv/dP Sensitivity in p.u./MW","dphi/dtap Sensitivity in deg/tap","dv/dtap Sensitivity in p.u./tap","dphi/dP Sensitivity in deg/MW","dv/dP Sensitivity in p.u./MW","dphi/dtap Sensitivity in deg/tap","dv/dtap Sensitivity in p.u./tap","dphi/dP Sensitivity in deg/MW","dv/dP Sensitivity in p.u./MW","dphi/dtap Sensitivity in deg/tap","dv/dtap Sensitivity in p.u./tap","dphi/dP Sensitivity in deg/MW","dv/dP Sensitivity in p.u./MW","dphi/dtap Sensitivity in deg/tap","dv/dtap Sensitivity in p.u./tap","dphi/dP Sensitivity in deg/MW","dv/dP Sensitivity in p.u./MW","dphi/dtap Sensitivity in deg/tap","dv/dtap Sensitivity in p.u./tap","dphi/dP Sensitivity in deg/MW","dv/dP Sensitivity in p.u./MW","dphi/dtap Sensitivity in deg/tap","dv/dtap Sensitivity in p.u./tap","dphi/dP Sensitivity in deg/MW","dv/dP Sensitivity in p.u./MW","dphi/dtap Sensitivity in deg/tap","dv/dtap Sensitivity in p.u./tap","dphi/dP Sensitivity in deg/MW","dv/dP Sensitivity in p.u./MW","dphi/dtap Sensitivity in deg/tap","dv/dtap Sensitivity in p.u./tap","dphi/dP Sensitivity in deg/MW","dv/dP Sensitivity in p.u./MW","dphi/dtap Sensitivity in deg/tap","dv/dtap Sensitivity in p.u./tap","dphi/dP Sensitivity in deg/MW","dv/dP Sensitivity in p.u./MW","dphi/dtap Sensitivity in deg/tap","dv/dtap Sensitivity in p.u./tap","dphi/dP Sensitivity in deg/MW","dv/dP Sensitivity in p.u./MW","dphi/dtap Sensitivity in deg/tap","dv/dtap Sensitivity in p.u./tap","dphi/dP Sensitivity in deg/MW","dv/dP Sensitivity in p.u./MW","dphi/dtap Sensitivity in deg/tap","dv/dtap Sensitivity in p.u./tap","dphi/dP Sensitivity in deg/MW","dv/dP Sensitivity in p.u./MW","dphi/dtap Sensitivity in deg/tap","dv/dtap Sensitivity in p.u./tap","dphi/dP Sensitivity in deg/MW","dv/dP Sensitivity in p.u./MW","dphi/dtap Sensitivity in deg/tap","dv/dtap Sensitivity in p.u./tap","dphi/dP Sensitivity in deg/MW","dv/dP Sensitivity in p.u./MW","dphi/dtap Sensitivity in deg/tap","dv/dtap Sensitivity in p.u./tap","dphi/dP Sensitivity in deg/MW","dv/dP Sensitivity in p.u./MW","dphi/dtap Sensitivity in deg/tap","dv/dtap Sensitivity in p.u./tap","dphi/dP Sensitivity in deg/MW","dv/dP Sensitivity in p.u./MW","dphi/dtap Sensitivity in deg/tap","dv/dtap Sensitivity in p.u./tap","dphi/dP Sensitivity in deg/MW","dv/dP Sensitivity in p.u./MW","dphi/dtap Sensitivity in deg/tap","dv/dtap Sensitivity in p.u./tap","dphi/dP Sensitivity in deg/MW","dv/dP Sensitivity in p.u./MW","dphi/dtap Sensitivity in deg/tap","dv/dtap Sensitivity in p.u./tap","dphi/dP Sensitivity in deg/MW","dv/dP Sensitivity in p.u./MW","dphi/dtap Sensitivity in deg/tap","dv/dtap Sensitivity in p.u./tap","dphi/dP Sensitivity in deg/MW","dv/dP Sensitivity in p.u./MW","dphi/dtap Sensitivity in deg/tap","dv/dtap Sensitivity in p.u./tap","dphi/dP Sensitivity in deg/MW","dv/dP Sensitivity in p.u./MW","dphi/dtap Sensitivity in deg/tap","dv/dtap Sensitivity in p.u./tap","dphi/dP Sensitivity in deg/MW","dv/dP Sensitivity in p.u./MW","dphi/dtap Sensitivity in deg/tap","dv/dtap Sensitivity in p.u./tap","dphi/dP Sensitivity in deg/MW","dv/dP Sensitivity in p.u./MW","dphi/dtap Sensitivity in deg/tap","dv/dtap Sensitivity in p.u./tap","dphi/dP Sensitivity in deg/MW","dv/dP Sensitivity in p.u./MW","dphi/dtap Sensitivity in deg/tap","dv/dtap Sensitivity in p.u./tap","dphi/dP Sensitivity in deg/MW","dv/dP Sensitivity in p.u./MW","dphi/dtap Sensitivity in deg/tap","dv/dtap Sensitivity in p.u./tap","dphi/dP Sensitivity in deg/MW","dv/dP Sensitivity in p.u./MW","dphi/dtap Sensitivity in deg/tap","dv/dtap Sensitivity in p.u./tap","dphi/dP Sensitivity in deg/MW","dv/dP Sensitivity in p.u./MW","dphi/dtap Sensitivity in deg/tap","dv/dtap Sensitivity in p.u./tap","dphi/dP Sensitivity in deg/MW","dv/dP Sensitivity in p.u./MW","dphi/dtap Sensitivity in deg/tap","dv/dtap Sensitivity in p.u./tap","dphi/dP Sensitivity in deg/MW","dv/dP Sensitivity in p.u./MW","dphi/dtap Sensitivity in deg/tap","dv/dtap Sensitivity in p.u./tap","dphi/dP Sensitivity in deg/MW","dv/dP Sensitivity in p.u./MW","dphi/dtap Sensitivity in deg/tap","dv/dtap Sensitivity in p.u./tap","dphi/dP Sensitivity in deg/MW","dv/dP Sensitivity in p.u./MW","dphi/dtap Sensitivity in deg/tap","dv/dtap Sensitivity in p.u./tap","dphi/dP Sensitivity in deg/MW","dv/dP Sensitivity in p.u./MW","dphi/dtap Sensitivity in deg/tap","dv/dtap Sensitivity in p.u./tap","dphi/dP Sensitivity in deg/MW","dv/dP Sensitivity in p.u./MW","dphi/dtap Sensitivity in deg/tap","dv/dtap Sensitivity in p.u./tap","dphi/dP Sensitivity in deg/MW","dv/dP Sensitivity in p.u./MW","dphi/dtap Sensitivity in deg/tap","dv/dtap Sensitivity in p.u./tap","dphi/dP Sensitivity in deg/MW","dv/dP Sensitivity in p.u./MW","dphi/dtap Sensitivity in deg/tap","dv/dtap Sensitivity in p.u./tap","dphi/dP Sensitivity in deg/MW","dv/dP Sensitivity in p.u./MW","dphi/dtap Sensitivity in deg/tap","dv/dtap Sensitivity in p.u./tap","dphi/dP Sensitivity in deg/MW","dv/dP Sensitivity in p.u./MW","dphi/dtap Sensitivity in deg/tap","dv/dtap Sensitivity in p.u./tap","dphi/dP Sensitivity in deg/MW","dv/dP Sensitivity in p.u./MW","dphi/dtap Sensitivity in deg/tap","dv/dtap Sensitivity in p.u./tap","dphi/dP Sensitivity in deg/MW","dv/dP Sensitivity in p.u./MW","dphi/dtap Sensitivity in deg/tap","dv/dtap Sensitivity in p.u./tap","dphi/dP Sensitivity in deg/MW","dv/dP Sensitivity in p.u./MW","dphi/dtap Sensitivity in deg/tap","dv/dtap Sensitivity in p.u./tap","dphi/dP Sensitivity in deg/MW","dv/dP Sensitivity in p.u./MW","dphi/dtap Sensitivity in deg/tap","dv/dtap Sensitivity in p.u./tap","dphi/dP Sensitivity in deg/MW","dv/dP Sensitivity in p.u./MW","dphi/dtap Sensitivity in deg/tap","dv/dtap Sensitivity in p.u./tap","dphi/dP Sensitivity in deg/MW","dv/dP Sensitivity in p.u./MW","dphi/dtap Sensitivity in deg/tap","dv/dtap Sensitivity in p.u./tap","dphi/dP Sensitivity in deg/MW","dv/dP Sensitivity in p.u./MW","dphi/dtap Sensitivity in deg/tap","dv/dtap Sensitivity in p.u./tap","dphi/dP Sensitivity in deg/MW","dv/dP Sensitivity in p.u./MW","dphi/dtap Sensitivity in deg/tap","dv/dtap Sensitivity in p.u./tap","dphi/dP Sensitivity in deg/MW","dv/dP Sensitivity in p.u./MW","dphi/dtap Sensitivity in deg/tap","dv/dtap Sensitivity in p.u./tap","dphi/dP Sensitivity in deg/MW","dv/dP Sensitivity in p.u./MW","dphi/dtap Sensitivity in deg/tap","dv/dtap Sensitivity in p.u./tap","dphi/dP Sensitivity in deg/MW","dv/dP Sensitivity in p.u./MW","dphi/dtap Sensitivity in deg/tap","dv/dtap Sensitivity in p.u./tap","dphi/dP Sensitivity in deg/MW","dv/dP Sensitivity in p.u./MW","dphi/dtap Sensitivity in deg/tap","dv/dtap Sensitivity in p.u./tap","dphi/dP Sensitivity in deg/MW","dv/dP Sensitivity in p.u./MW","dphi/dtap Sensitivity in deg/tap","dv/dtap Sensitivity in p.u./tap","dphi/dP Sensitivity in deg/MW","dv/dP Sensitivity in p.u./MW","dphi/dtap Sensitivity in deg/tap","dv/dtap Sensitivity in p.u./tap","dphi/dP Sensitivity in deg/MW","dv/dP Sensitivity in p.u./MW","dphi/dtap Sensitivity in deg/tap","dv/dtap Sensitivity in p.u./tap","dphi/dP Sensitivity in deg/MW","dv/dP Sensitivity in p.u./MW","dphi/dtap Sensitivity in deg/tap","dv/dtap Sensitivity in p.u./tap","dphi/dP Sensitivity in deg/MW","dv/dP Sensitivity in p.u./MW","dphi/dtap Sensitivity in deg/tap","dv/dtap Sensitivity in p.u./tap","dphi/dP Sensitivity in deg/MW","dv/dP Sensitivity in p.u./MW","dphi/dtap Sensitivity in deg/tap","dv/dtap Sensitivity in p.u./tap","dphi/dP Sensitivity in deg/MW","dv/dP Sensitivity in p.u./MW","dphi/dtap Sensitivity in deg/tap","dv/dtap Sensitivity in p.u./tap","dphi/dP Sensitivity in deg/MW","dv/dP Sensitivity in p.u./MW","dphi/dtap Sensitivity in deg/tap","dv/dtap Sensitivity in p.u./tap","dphi/dP Sensitivity in deg/MW","dv/dP Sensitivity in p.u./MW","dphi/dtap Sensitivity in deg/tap","dv/dtap Sensitivity in p.u./tap","dphi/dP Sensitivity in deg/MW","dv/dP Sensitivity in p.u./MW","dphi/dtap Sensitivity in deg/tap","dv/dtap Sensitivity in p.u./tap","dphi/dP Sensitivity in deg/MW","dv/dP Sensitivity in p.u./MW","dphi/dtap Sensitivity in deg/tap","dv/dtap Sensitivity in p.u./tap","dphi/dP Sensitivity in deg/MW","dv/dP Sensitivity in p.u./MW","dphi/dtap Sensitivity in deg/tap","dv/dtap Sensitivity in p.u./tap","dphi/dP Sensitivity in deg/MW","dv/dP Sensitivity in p.u./MW","dphi/dtap Sensitivity in deg/tap","dv/dtap Sensitivity in p.u./tap","dphi/dP Sensitivity in deg/MW","dv/dP Sensitivity in p.u./MW","dphi/dtap Sensitivity in deg/tap","dv/dtap Sensitivity in p.u./tap","dphi/dP Sensitivity in deg/MW","dv/dP Sensitivity in p.u./MW","dphi/dtap Sensitivity in deg/tap","dv/dtap Sensitivity in p.u./tap","dphi/dP Sensitivity in deg/MW","dv/dP Sensitivity in p.u./MW","dphi/dtap Sensitivity in deg/tap","dv/dtap Sensitivity in p.u./tap","dphi/dP Sensitivity in deg/MW","dv/dP Sensitivity in p.u./MW","dphi/dtap Sensitivity in deg/tap","dv/dtap Sensitivity in p.u./tap","dphi/dP Sensitivity in deg/MW","dv/dP Sensitivity in p.u./MW","dphi/dtap Sensitivity in deg/tap","dv/dtap Sensitivity in p.u./tap","dphi/dP Sensitivity in deg/MW","dv/dP Sensitivity in p.u./MW","dphi/dtap Sensitivity in deg/tap","dv/dtap Sensitivity in p.u./tap","dphi/dP Sensitivity in deg/MW","dv/dP Sensitivity in p.u./MW","dphi/dtap Sensitivity in deg/tap","dv/dtap Sensitivity in p.u./tap","dphi/dP Sensitivity in deg/MW","dv/dP Sensitivity in p.u./MW","dphi/dtap Sensitivity in deg/tap","dv/dtap Sensitivity in p.u./tap","dphi/dP Sensitivity in deg/MW","dv/dP Sensitivity in p.u./MW","dphi/dtap Sensitivity in deg/tap","dv/dtap Sensitivity in p.u./tap","dphi/dP Sensitivity in deg/MW","dv/dP Sensitivity in p.u./MW","dphi/dtap Sensitivity in deg/tap","dv/dtap Sensitivity in p.u./tap","dphi/dP Sensitivity in deg/MW","dv/dP Sensitivity in p.u./MW","dphi/dtap Sensitivity in deg/tap","dv/dtap Sensitivity in p.u./tap","dphi/dP Sensitivity in deg/MW","dv/dP Sensitivity in p.u./MW","dphi/dtap Sensitivity in deg/tap","dv/dtap Sensitivity in p.u./tap","dphi/dP Sensitivity in deg/MW","dv/dP Sensitivity in p.u./MW","dphi/dtap Sensitivity in deg/tap","dv/dtap Sensitivity in p.u./tap","dphi/dP Sensitivity in deg/MW","dv/dP Sensitivity in p.u./MW","dphi/dtap Sensitivity in deg/tap","dv/dtap Sensitivity in p.u./tap","dphi/dP Sensitivity in deg/MW","dv/dP Sensitivity in p.u./MW","dphi/dtap Sensitivity in deg/tap","dv/dtap Sensitivity in p.u./tap","dphi/dP Sensitivity in deg/MW","dv/dP Sensitivity in p.u./MW","dphi/dtap Sensitivity in deg/tap","dv/dtap Sensitivity in p.u./tap","dphi/dP Sensitivity in deg/MW","dv/dP Sensitivity in p.u./MW","dphi/dtap Sensitivity in deg/tap","dv/dtap Sensitivity in p.u./tap","dphi/dP Sensitivity in deg/MW","dv/dP Sensitivity in p.u./MW","dphi/dtap Sensitivity in deg/tap","dv/dtap Sensitivity in p.u./tap","dphi/dP Sensitivity in deg/MW","dv/dP Sensitivity in p.u./MW","dphi/dtap Sensitivity in deg/tap","dv/dtap Sensitivity in p.u./tap","dphi/dP Sensitivity in deg/MW","dv/dP Sensitivity in p.u./MW","dphi/dtap Sensitivity in deg/tap","dv/dtap Sensitivity in p.u./tap","dphi/dP Sensitivity in deg/MW","dv/dP Sensitivity in p.u./MW","dphi/dtap Sensitivity in deg/tap","dv/dtap Sensitivity in p.u./tap","dphi/dP Sensitivity in deg/MW","dv/dP Sensitivity in p.u./MW","dphi/dtap Sensitivity in deg/tap","dv/dtap Sensitivity in p.u./tap","dphi/dP Sensitivity in deg/MW","dv/dP Sensitivity in p.u./MW","dphi/dtap Sensitivity in deg/tap","dv/dtap Sensitivity in p.u./tap","dphi/dP Sensitivity in deg/MW","dv/dP Sensitivity in p.u./MW","dphi/dtap Sensitivity in deg/tap","dv/dtap Sensitivity in p.u./tap","dphi/dP Sensitivity in deg/MW","dv/dP Sensitivity in p.u./MW","dphi/dtap Sensitivity in deg/tap","dv/dtap Sensitivity in p.u./tap","dphi/dP Sensitivity in deg/MW","dv/dP Sensitivity in p.u./MW","dphi/dtap Sensitivity in deg/tap","dv/dtap Sensitivity in p.u./tap","dphi/dP Sensitivity in deg/MW","dv/dP Sensitivity in p.u./MW","dphi/dtap Sensitivity in deg/tap","dv/dtap Sensitivity in p.u./tap","dphi/dP Sensitivity in deg/MW","dv/dP Sensitivity in p.u./MW","dphi/dtap Sensitivity in deg/tap","dv/dtap Sensitivity in p.u./tap","dphi/dP Sensitivity in deg/MW","dv/dP Sensitivity in p.u./MW","dphi/dtap Sensitivity in deg/tap","dv/dtap Sensitivity in p.u./tap","dphi/dP Sensitivity in deg/MW","dv/dP Sensitivity in p.u./MW","dphi/dtap Sensitivity in deg/tap","dv/dtap Sensitivity in p.u./tap","dphi/dP Sensitivity in deg/MW","dv/dP Sensitivity in p.u./MW","dphi/dtap Sensitivity in deg/tap","dv/dtap Sensitivity in p.u./tap","dphi/dP Sensitivity in deg/MW","dv/dP Sensitivity in p.u./MW","dphi/dtap Sensitivity in deg/tap","dv/dtap Sensitivity in p.u./tap","dphi/dP Sensitivity in deg/MW","dv/dP Sensitivity in p.u./MW","dphi/dtap Sensitivity in deg/tap","dv/dtap Sensitivity in p.u./tap","dphi/dP Sensitivity in deg/MW","dv/dP Sensitivity in p.u./MW","dphi/dtap Sensitivity in deg/tap","dv/dtap Sensitivity in p.u./tap","dphi/dP Sensitivity in deg/MW","dv/dP Sensitivity in p.u./MW","dphi/dtap Sensitivity in deg/tap","dv/dtap Sensitivity in p.u./tap","dphi/dP Sensitivity in deg/MW","dv/dP Sensitivity in p.u./MW","dphi/dtap Sensitivity in deg/tap","dv/dtap Sensitivity in p.u./tap","dphi/dP Sensitivity in deg/MW","dv/dP Sensitivity in p.u./MW","dphi/dtap Sensitivity in deg/tap","dv/dtap Sensitivity in p.u./tap","dphi/dP Sensitivity in deg/MW","dv/dP Sensitivity in p.u./MW","dphi/dtap Sensitivity in deg/tap","dv/dtap Sensitivity in p.u./tap","dphi/dP Sensitivity in deg/MW","dv/dP Sensitivity in p.u./MW","dphi/dtap Sensitivity in deg/tap","dv/dtap Sensitivity in p.u./tap","dphi/dP Sensitivity in deg/MW","dv/dP Sensitivity in p.u./MW","dphi/dtap Sensitivity in deg/tap","dv/dtap Sensitivity in p.u./tap","dphi/dP Sensitivity in deg/MW","dv/dP Sensitivity in p.u./MW","dphi/dtap Sensitivity in deg/tap","dv/dtap Sensitivity in p.u./tap","dphi/dP Sensitivity in deg/MW","dv/dP Sensitivity in p.u./MW","dphi/dtap Sensitivity in deg/tap","dv/dtap Sensitivity in p.u./tap","dphi/dP Sensitivity in deg/MW","dv/dP Sensitivity in p.u./MW","dphi/dtap Sensitivity in deg/tap","dv/dtap Sensitivity in p.u./tap","dphi/dP Sensitivity in deg/MW","dv/dP Sensitivity in p.u./MW","dphi/dtap Sensitivity in deg/tap","dv/dtap Sensitivity in p.u./tap","dphi/dP Sensitivity in deg/MW","dv/dP Sensitivity in p.u./MW","dphi/dtap Sensitivity in deg/tap","dv/dtap Sensitivity in p.u./tap","dphi/dP Sensitivity in deg/MW","dv/dP Sensitivity in p.u./MW","dphi/dtap Sensitivity in deg/tap","dv/dtap Sensitivity in p.u./tap","dphi/dP Sensitivity in deg/MW","dv/dP Sensitivity in p.u./MW","dphi/dtap Sensitivity in deg/tap","dv/dtap Sensitivity in p.u./tap","dphi/dP Sensitivity in deg/MW","dv/dP Sensitivity in p.u./MW","dphi/dtap Sensitivity in deg/tap","dv/dtap Sensitivity in p.u./tap","dphi/dP Sensitivity in deg/MW","dv/dP Sensitivity in p.u./MW","dphi/dtap Sensitivity in deg/tap","dv/dtap Sensitivity in p.u./tap","dphi/dP Sensitivity in deg/MW","dv/dP Sensitivity in p.u./MW","dphi/dtap Sensitivity in deg/tap","dv/dtap Sensitivity in p.u./tap","dphi/dP Sensitivity in deg/MW","dv/dP Sensitivity in p.u./MW","dphi/dtap Sensitivity in deg/tap","dv/dtap Sensitivity in p.u./tap","dphi/dP Sensitivity in deg/MW","dv/dP Sensitivity in p.u./MW","dphi/dtap Sensitivity in deg/tap","dv/dtap Sensitivity in p.u./tap","dphi/dP Sensitivity in deg/MW","dv/dP Sensitivity in p.u./MW","dphi/dtap Sensitivity in deg/tap","dv/dtap Sensitivity in p.u./tap","dphi/dP Sensitivity in deg/MW","dv/dP Sensitivity in p.u./MW","dphi/dtap Sensitivity in deg/tap","dv/dtap Sensitivity in p.u./tap","dphi/dP Sensitivity in deg/MW","dv/dP Sensitivity in p.u./MW","dphi/dtap Sensitivity in deg/tap","dv/dtap Sensitivity in p.u./tap","dphi/dP Sensitivity in deg/MW","dv/dP Sensitivity in p.u./MW","dphi/dtap Sensitivity in deg/tap","dv/dtap Sensitivity in p.u./tap","dphi/dP Sensitivity in deg/MW","dv/dP Sensitivity in p.u./MW","dphi/dtap Sensitivity in deg/tap","dv/dtap Sensitivity in p.u./tap","dphi/dP Sensitivity in deg/MW","dv/dP Sensitivity in p.u./MW","dphi/dtap Sensitivity in deg/tap","dv/dtap Sensitivity in p.u./tap","dphi/dP Sensitivity in deg/MW","dv/dP Sensitivity in p.u./MW","dphi/dtap Sensitivity in deg/tap","dv/dtap Sensitivity in p.u./tap","dphi/dP Sensitivity in deg/MW","dv/dP Sensitivity in p.u./MW","dphi/dtap Sensitivity in deg/tap","dv/dtap Sensitivity in p.u./tap","dphi/dP Sensitivity in deg/MW","dv/dP Sensitivity in p.u./MW","dphi/dtap Sensitivity in deg/tap","dv/dtap Sensitivity in p.u./tap","dphi/dP Sensitivity in deg/MW","dv/dP Sensitivity in p.u./MW","dphi/dtap Sensitivity in deg/tap","dv/dtap Sensitivity in p.u./tap","dphi/dP Sensitivity in deg/MW","dv/dP Sensitivity in p.u./MW","dphi/dtap Sensitivity in deg/tap","dv/dtap Sensitivity in p.u./tap","dphi/dP Sensitivity in deg/MW","dv/dP Sensitivity in p.u./MW","dphi/dtap Sensitivity in deg/tap","dv/dtap Sensitivity in p.u./tap","dphi/dP Sensitivity in deg/MW","dv/dP Sensitivity in p.u./MW","dphi/dtap Sensitivity in deg/tap","dv/dtap Sensitivity in p.u./tap","dphi/dP Sensitivity in deg/MW","dv/dP Sensitivity in p.u./MW","dphi/dtap Sensitivity in deg/tap","dv/dtap Sensitivity in p.u./tap","dphi/dP Sensitivity in deg/MW","dv/dP Sensitivity in p.u./MW","dphi/dtap Sensitivity in deg/tap","dv/dtap Sensitivity in p.u./tap","dphi/dP Sensitivity in deg/MW","dv/dP Sensitivity in p.u./MW","dphi/dtap Sensitivity in deg/tap","dv/dtap Sensitivity in p.u./tap","dphi/dP Sensitivity in deg/MW","dv/dP Sensitivity in p.u./MW","dphi/dtap Sensitivity in deg/tap","dv/dtap Sensitivity in p.u./tap","dphi/dP Sensitivity in deg/MW","dv/dP Sensitivity in p.u./MW","dphi/dtap Sensitivity in deg/tap","dv/dtap Sensitivity in p.u./tap","dphi/dP Sensitivity in deg/MW","dv/dP Sensitivity in p.u./MW","dphi/dtap Sensitivity in deg/tap","dv/dtap Sensitivity in p.u./tap","dphi/dP Sensitivity in deg/MW","dv/dP Sensitivity in p.u./MW","dphi/dtap Sensitivity in deg/tap","dv/dtap Sensitivity in p.u./tap","dphi/dP Sensitivity in deg/MW","dv/dP Sensitivity in p.u./MW","dphi/dtap Sensitivity in deg/tap","dv/dtap Sensitivity in p.u./tap","dphi/dP Sensitivity in deg/MW","dv/dP Sensitivity in p.u./MW","dphi/dtap Sensitivity in deg/tap","dv/dtap Sensitivity in p.u./tap","dphi/dP Sensitivity in deg/MW","dv/dP Sensitivity in p.u./MW","dphi/dtap Sensitivity in deg/tap","dv/dtap Sensitivity in p.u./tap","dphi/dP Sensitivity in deg/MW","dv/dP Sensitivity in p.u./MW","dphi/dtap Sensitivity in deg/tap","dv/dtap Sensitivity in p.u./tap","dphi/dP Sensitivity in deg/MW","dv/dP Sensitivity in p.u./MW","dphi/dtap Sensitivity in deg/tap","dv/dtap Sensitivity in p.u./tap","dphi/dP Sensitivity in deg/MW","dv/dP Sensitivity in p.u./MW","dphi/dtap Sensitivity in deg/tap","dv/dtap Sensitivity in p.u./tap","dphi/dP Sensitivity in deg/MW","dv/dP Sensitivity in p.u./MW","dphi/dtap Sensitivity in deg/tap","dv/dtap Sensitivity in p.u./tap","dphi/dP Sensitivity in deg/MW","dv/dP Sensitivity in p.u./MW","dphi/dtap Sensitivity in deg/tap","dv/dtap Sensitivity in p.u./tap","dphi/dP Sensitivity in deg/MW","dv/dP Sensitivity in p.u./MW","dphi/dtap Sensitivity in deg/tap","dv/dtap Sensitivity in p.u./tap","dphi/dP Sensitivity in deg/MW","dv/dP Sensitivity in p.u./MW","dphi/dtap Sensitivity in deg/tap","dv/dtap Sensitivity in p.u./tap","dphi/dP Sensitivity in deg/MW","dv/dP Sensitivity in p.u./MW","dphi/dtap Sensitivity in deg/tap","dv/dtap Sensitivity in p.u./tap","dphi/dP Sensitivity in deg/MW","dv/dP Sensitivity in p.u./MW","dphi/dtap Sensitivity in deg/tap","dv/dtap Sensitivity in p.u./tap","dphi/dP Sensitivity in deg/MW","dv/dP Sensitivity in p.u./MW","dphi/dtap Sensitivity in deg/tap","dv/dtap Sensitivity in p.u./tap","dphi/dP Sensitivity in deg/MW","dv/dP Sensitivity in p.u./MW","dphi/dtap Sensitivity in deg/tap","dv/dtap Sensitivity in p.u./tap","dphi/dP Sensitivity in deg/MW","dv/dP Sensitivity in p.u./MW","dphi/dtap Sensitivity in deg/tap","dv/dtap Sensitivity in p.u./tap","dphi/dP Sensitivity in deg/MW","dv/dP Sensitivity in p.u./MW","dphi/dtap Sensitivity in deg/tap","dv/dtap Sensitivity in p.u./tap","dphi/dP Sensitivity in deg/MW","dv/dP Sensitivity in p.u./MW","dphi/dtap Sensitivity in deg/tap","dv/dtap Sensitivity in p.u./tap","dphi/dP Sensitivity in deg/MW","dv/dP Sensitivity in p.u./MW","dphi/dtap Sensitivity in deg/tap","dv/dtap Sensitivity in p.u./tap","dphi/dP Sensitivity in deg/MW","dv/dP Sensitivity in p.u./MW","dphi/dtap Sensitivity in deg/tap","dv/dtap Sensitivity in p.u./tap","dphi/dP Sensitivity in deg/MW","dv/dP Sensitivity in p.u./MW","dphi/dtap Sensitivity in deg/tap","dv/dtap Sensitivity in p.u./tap","dphi/dP Sensitivity in deg/MW","dv/dP Sensitivity in p.u./MW","dphi/dtap Sensitivity in deg/tap","dv/dtap Sensitivity in p.u./tap","dphi/dP Sensitivity in deg/MW","dv/dP Sensitivity in p.u./MW","dphi/dtap Sensitivity in deg/tap","dv/dtap Sensitivity in p.u./tap","dphi/dP Sensitivity in deg/MW","dv/dP Sensitivity in p.u./MW","dphi/dtap Sensitivity in deg/tap","dv/dtap Sensitivity in p.u./tap","dphi/dP Sensitivity in deg/MW","dv/dP Sensitivity in p.u./MW","dphi/dtap Sensitivity in deg/tap","dv/dtap Sensitivity in p.u./tap","dphi/dP Sensitivity in deg/MW","dv/dP Sensitivity in p.u./MW","dphi/dtap Sensitivity in deg/tap","dv/dtap Sensitivity in p.u./tap","dphi/dP Sensitivity in deg/MW","dv/dP Sensitivity in p.u./MW","dphi/dtap Sensitivity in deg/tap","dv/dtap Sensitivity in p.u./tap","dphi/dP Sensitivity in deg/MW","dv/dP Sensitivity in p.u./MW","dphi/dtap Sensitivity in deg/tap","dv/dtap Sensitivity in p.u./tap","dphi/dP Sensitivity in deg/MW","dv/dP Sensitivity in p.u./MW","dphi/dtap Sensitivity in deg/tap","dv/dtap Sensitivity in p.u./tap","dphi/dP Sensitivity in deg/MW","dv/dP Sensitivity in p.u./MW","dphi/dtap Sensitivity in deg/tap","dv/dtap Sensitivity in p.u./tap","dphi/dP Sensitivity in deg/MW","dv/dP Sensitivity in p.u./MW","dphi/dtap Sensitivity in deg/tap","dv/dtap Sensitivity in p.u./tap","dphi/dP Sensitivity in deg/MW","dv/dP Sensitivity in p.u./MW","dphi/dtap Sensitivity in deg/tap","dv/dtap Sensitivity in p.u./tap","dphi/dP Sensitivity in deg/MW","dv/dP Sensitivity in p.u./MW","dphi/dtap Sensitivity in deg/tap","dv/dtap Sensitivity in p.u./tap","dphi/dP Sensitivity in deg/MW","dv/dP Sensitivity in p.u./MW","dphi/dtap Sensitivity in deg/tap","dv/dtap Sensitivity in p.u./tap","dphi/dP Sensitivity in deg/MW","dv/dP Sensitivity in p.u./MW","dphi/dtap Sensitivity in deg/tap","dv/dtap Sensitivity in p.u./tap","dphi/dP Sensitivity in deg/MW","dv/dP Sensitivity in p.u./MW","dphi/dtap Sensitivity in deg/tap","dv/dtap Sensitivity in p.u./tap","dphi/dP Sensitivity in deg/MW","dv/dP Sensitivity in p.u./MW","dphi/dtap Sensitivity in deg/tap","dv/dtap Sensitivity in p.u./tap","dphi/dP Sensitivity in deg/MW","dv/dP Sensitivity in p.u./MW","dphi/dtap Sensitivity in deg/tap","dv/dtap Sensitivity in p.u./tap","dphi/dP Sensitivity in deg/MW","dv/dP Sensitivity in p.u./MW","dphi/dtap Sensitivity in deg/tap","dv/dtap Sensitivity in p.u./tap","dphi/dP Sensitivity in deg/MW","dv/dP Sensitivity in p.u./MW","dphi/dtap Sensitivity in deg/tap","dv/dtap Sensitivity in p.u./tap","dphi/dP Sensitivity in deg/MW","dv/dP Sensitivity in p.u./MW","dphi/dtap Sensitivity in deg/tap","dv/dtap Sensitivity in p.u./tap","dphi/dP Sensitivity in deg/MW","dv/dP Sensitivity in p.u./MW","dphi/dtap Sensitivity in deg/tap","dv/dtap Sensitivity in p.u./tap","dphi/dP Sensitivity in deg/MW","dv/dP Sensitivity in p.u./MW","dphi/dtap Sensitivity in deg/tap","dv/dtap Sensitivity in p.u./tap","dphi/dP Sensitivity in deg/MW","dv/dP Sensitivity in p.u./MW","dphi/dtap Sensitivity in deg/tap","dv/dtap Sensitivity in p.u./tap","dphi/dP Sensitivity in deg/MW","dv/dP Sensitivity in p.u./MW","dphi/dtap Sensitivity in deg/tap","dv/dtap Sensitivity in p.u./tap","dphi/dP Sensitivity in deg/MW","dv/dP Sensitivity in p.u./MW","dphi/dtap Sensitivity in deg/tap","dv/dtap Sensitivity in p.u./tap","dphi/dP Sensitivity in deg/MW","dv/dP Sensitivity in p.u./MW","dphi/dtap Sensitivity in deg/tap","dv/dtap Sensitivity in p.u./tap","dphi/dP Sensitivity in deg/MW","dv/dP Sensitivity in p.u./MW","dphi/dtap Sensitivity in deg/tap","dv/dtap Sensitivity in p.u./tap","dphi/dP Sensitivity in deg/MW","dv/dP Sensitivity in p.u./MW","dphi/dtap Sensitivity in deg/tap","dv/dtap Sensitivity in p.u./tap","dphi/dP Sensitivity in deg/MW","dv/dP Sensitivity in p.u./MW","dphi/dtap Sensitivity in deg/tap","dv/dtap Sensitivity in p.u./tap","dphi/dP Sensitivity in deg/MW","dv/dP Sensitivity in p.u./MW","dphi/dtap Sensitivity in deg/tap","dv/dtap Sensitivity in p.u./tap","dphi/dP Sensitivity in deg/MW","dv/dP Sensitivity in p.u./MW","dphi/dtap Sensitivity in deg/tap","dv/dtap Sensitivity in p.u./tap","dphi/dP Sensitivity in deg/MW","dv/dP Sensitivity in p.u./MW","dphi/dtap Sensitivity in deg/tap","dv/dtap Sensitivity in p.u./tap","dphi/dP Sensitivity in deg/MW","dv/dP Sensitivity in p.u./MW","dphi/dtap Sensitivity in deg/tap","dv/dtap Sensitivity in p.u./tap","dphi/dP Sensitivity in deg/MW","dv/dP Sensitivity in p.u./MW","dphi/dtap Sensitivity in deg/tap","dv/dtap Sensitivity in p.u./tap","dphi/dP Sensitivity in deg/MW","dv/dP Sensitivity in p.u./MW","dphi/dtap Sensitivity in deg/tap","dv/dtap Sensitivity in p.u./tap","dphi/dP Sensitivity in deg/MW","dv/dP Sensitivity in p.u./MW","dphi/dtap Sensitivity in deg/tap","dv/dtap Sensitivity in p.u./tap","dphi/dP Sensitivity in deg/MW","dv/dP Sensitivity in p.u./MW","dphi/dtap Sensitivity in deg/tap","dv/dtap Sensitivity in p.u./tap","dphi/dP Sensitivity in deg/MW","dv/dP Sensitivity in p.u./MW","dphi/dtap Sensitivity in deg/tap","dv/dtap Sensitivity in p.u./tap","dphi/dP Sensitivity in deg/MW","dv/dP Sensitivity in p.u./MW","dphi/dtap Sensitivity in deg/tap","dv/dtap Sensitivity in p.u./tap","dphi/dP Sensitivity in deg/MW","dv/dP Sensitivity in p.u./MW","dphi/dtap Sensitivity in deg/tap","dv/dtap Sensitivity in p.u./tap","dphi/dP Sensitivity in deg/MW","dv/dP Sensitivity in p.u./MW","dphi/dtap Sensitivity in deg/tap","dv/dtap Sensitivity in p.u./tap","dphi/dP Sensitivity in deg/MW","dv/dP Sensitivity in p.u./MW","dphi/dtap Sensitivity in deg/tap","dv/dtap Sensitivity in p.u./tap","dphi/dP Sensitivity in deg/MW","dv/dP Sensitivity in p.u./MW","dphi/dtap Sensitivity in deg/tap","dv/dtap Sensitivity in p.u./tap","dphi/dP Sensitivity in deg/MW","dv/dP Sensitivity in p.u./MW","dphi/dtap Sensitivity in deg/tap","dv/dtap Sensitivity in p.u./tap","dphi/dP Sensitivity in deg/MW","dv/dP Sensitivity in p.u./MW","dphi/dtap Sensitivity in deg/tap","dv/dtap Sensitivity in p.u./tap","dphi/dP Sensitivity in deg/MW","dv/dP Sensitivity in p.u./MW","dphi/dtap Sensitivity in deg/tap","dv/dtap Sensitivity in p.u./tap","dphi/dP Sensitivity in deg/MW","dv/dP Sensitivity in p.u./MW","dphi/dtap Sensitivity in deg/tap","dv/dtap Sensitivity in p.u./tap","dphi/dP Sensitivity in deg/MW","dv/dP Sensitivity in p.u./MW","dphi/dtap Sensitivity in deg/tap","dv/dtap Sensitivity in p.u./tap","dphi/dP Sensitivity in deg/MW","dv/dP Sensitivity in p.u./MW","dphi/dtap Sensitivity in deg/tap","dv/dtap Sensitivity in p.u./tap","dphi/dP Sensitivity in deg/MW","dv/dP Sensitivity in p.u./MW","dphi/dtap Sensitivity in deg/tap","dv/dtap Sensitivity in p.u./tap","dphi/dP Sensitivity in deg/MW","dv/dP Sensitivity in p.u./MW","dphi/dtap Sensitivity in deg/tap","dv/dtap Sensitivity in p.u./tap","dphi/dP Sensitivity in deg/MW","dv/dP Sensitivity in p.u./MW","dphi/dtap Sensitivity in deg/tap","dv/dtap Sensitivity in p.u./tap","dphi/dP Sensitivity in deg/MW","dv/dP Sensitivity in p.u./MW","dphi/dtap Sensitivity in deg/tap","dv/dtap Sensitivity in p.u./tap","dphi/dP Sensitivity in deg/MW","dv/dP Sensitivity in p.u./MW","dphi/dtap Sensitivity in deg/tap","dv/dtap Sensitivity in p.u./tap","dphi/dP Sensitivity in deg/MW","dv/dP Sensitivity in p.u./MW","dphi/dtap Sensitivity in deg/tap","dv/dtap Sensitivity in p.u./tap","dphi/dP Sensitivity in deg/MW","dv/dP Sensitivity in p.u./MW","dphi/dtap Sensitivity in deg/tap","dv/dtap Sensitivity in p.u./tap","dphi/dP Sensitivity in deg/MW","dv/dP Sensitivity in p.u./MW","dphi/dtap Sensitivity in deg/tap","dv/dtap Sensitivity in p.u./tap","dphi/dP Sensitivity in deg/MW","dv/dP Sensitivity in p.u./MW","dphi/dtap Sensitivity in deg/tap","dv/dtap Sensitivity in p.u./tap","dphi/dP Sensitivity in deg/MW","dv/dP Sensitivity in p.u./MW","dphi/dtap Sensitivity in deg/tap","dv/dtap Sensitivity in p.u./tap","dphi/dP Sensitivity in deg/MW","dv/dP Sensitivity in p.u./MW","dphi/dtap Sensitivity in deg/tap","dv/dtap Sensitivity in p.u./tap","dphi/dP Sensitivity in deg/MW","dv/dP Sensitivity in p.u./MW","dphi/dtap Sensitivity in deg/tap","dv/dtap Sensitivity in p.u./tap","dphi/dP Sensitivity in deg/MW","dv/dP Sensitivity in p.u./MW","dphi/dtap Sensitivity in deg/tap","dv/dtap Sensitivity in p.u./tap","dphi/dP Sensitivity in deg/MW","dv/dP Sensitivity in p.u./MW","dphi/dtap Sensitivity in deg/tap","dv/dtap Sensitivity in p.u./tap","dphi/dP Sensitivity in deg/MW","dv/dP Sensitivity in p.u./MW","dphi/dtap Sensitivity in deg/tap","dv/dtap Sensitivity in p.u./tap","dphi/dP Sensitivity in deg/MW","dv/dP Sensitivity in p.u./MW","dphi/dtap Sensitivity in deg/tap","dv/dtap Sensitivity in p.u./tap","dphi/dP Sensitivity in deg/MW","dv/dP Sensitivity in p.u./MW","dphi/dtap Sensitivity in deg/tap","dv/dtap Sensitivity in p.u./tap","dphi/dP Sensitivity in deg/MW","dv/dP Sensitivity in p.u./MW","dphi/dtap Sensitivity in deg/tap","dv/dtap Sensitivity in p.u./tap","dphi/dP Sensitivity in deg/MW","dv/dP Sensitivity in p.u./MW","dphi/dtap Sensitivity in deg/tap","dv/dtap Sensitivity in p.u./tap","dphi/dP Sensitivity in deg/MW","dv/dP Sensitivity in p.u./MW","dphi/dtap Sensitivity in deg/tap","dv/dtap Sensitivity in p.u./tap","dphi/dP Sensitivity in deg/MW","dv/dP Sensitivity in p.u./MW","dphi/dtap Sensitivity in deg/tap","dv/dtap Sensitivity in p.u./tap","dphi/dP Sensitivity in deg/MW","dv/dP Sensitivity in p.u./MW","dphi/dtap Sensitivity in deg/tap","dv/dtap Sensitivity in p.u./tap","dphi/dP Sensitivity in deg/MW","dv/dP Sensitivity in p.u./MW","dphi/dtap Sensitivity in deg/tap","dv/dtap Sensitivity in p.u./tap","dphi/dP Sensitivity in deg/MW","dv/dP Sensitivity in p.u./MW","dphi/dtap Sensitivity in deg/tap","dv/dtap Sensitivity in p.u./tap","dphi/dP Sensitivity in deg/MW","dv/dP Sensitivity in p.u./MW","dphi/dtap Sensitivity in deg/tap","dv/dtap Sensitivity in p.u./tap","dphi/dP Sensitivity in deg/MW","dv/dP Sensitivity in p.u./MW","dphi/dtap Sensitivity in deg/tap","dv/dtap Sensitivity in p.u./tap","dphi/dP Sensitivity in deg/MW","dv/dP Sensitivity in p.u./MW","dphi/dtap Sensitivity in deg/tap","dv/dtap Sensitivity in p.u./tap","dphi/dP Sensitivity in deg/MW","dv/dP Sensitivity in p.u./MW","dphi/dtap Sensitivity in deg/tap","dv/dtap Sensitivity in p.u./tap","dphi/dP Sensitivity in deg/MW","dv/dP Sensitivity in p.u./MW","dphi/dtap Sensitivity in deg/tap","dv/dtap Sensitivity in p.u./tap","dphi/dP Sensitivity in deg/MW","dv/dP Sensitivity in p.u./MW","dphi/dtap Sensitivity in deg/tap","dv/dtap Sensitivity in p.u./tap","dphi/dP Sensitivity in deg/MW","dv/dP Sensitivity in p.u./MW","dphi/dtap Sensitivity in deg/tap","dv/dtap Sensitivity in p.u./tap","dphi/dP Sensitivity in deg/MW","dv/dP Sensitivity in p.u./MW","dphi/dtap Sensitivity in deg/tap","dv/dtap Sensitivity in p.u./tap","dphi/dP Sensitivity in deg/MW","dv/dP Sensitivity in p.u./MW","dphi/dtap Sensitivity in deg/tap","dv/dtap Sensitivity in p.u./tap","dphi/dP Sensitivity in deg/MW","dv/dP Sensitivity in p.u./MW","dphi/dtap Sensitivity in deg/tap","dv/dtap Sensitivity in p.u./tap","dphi/dP Sensitivity in deg/MW","dv/dP Sensitivity in p.u./MW","dphi/dtap Sensitivity in deg/tap","dv/dtap Sensitivity in p.u./tap","dphi/dP Sensitivity in deg/MW","dv/dP Sensitivity in p.u./MW","dphi/dtap Sensitivity in deg/tap","dv/dtap Sensitivity in p.u./tap","dphi/dP Sensitivity in deg/MW","dv/dP Sensitivity in p.u./MW","dphi/dtap Sensitivity in deg/tap","dv/dtap Sensitivity in p.u./tap","dphi/dP Sensitivity in deg/MW","dv/dP Sensitivity in p.u./MW","dphi/dtap Sensitivity in deg/tap","dv/dtap Sensitivity in p.u./tap","dphi/dP Sensitivity in deg/MW","dv/dP Sensitivity in p.u./MW","dphi/dtap Sensitivity in deg/tap","dv/dtap Sensitivity in p.u./tap","dphi/dP Sensitivity in deg/MW","dv/dP Sensitivity in p.u./MW","dphi/dtap Sensitivity in deg/tap","dv/dtap Sensitivity in p.u./tap","dphi/dP Sensitivity in deg/MW","dv/dP Sensitivity in p.u./MW","dphi/dtap Sensitivity in deg/tap","dv/dtap Sensitivity in p.u./tap","dphi/dP Sensitivity in deg/MW","dv/dP Sensitivity in p.u./MW","dphi/dtap Sensitivity in deg/tap","dv/dtap Sensitivity in p.u./tap","Branch Sensitivity dPbranch/dPbus/Terminal i in MW/MW","Branch Sensitivity dPbranch/dtap/Terminal i in MW/tap","Active Power Losses Sensitivity: dPloss/dP in kW/MW","Branch Sensitivity dPbranch/dPbus/Terminal i in MW/MW","Branch Sensitivity dPbranch/dtap/Terminal i in MW/tap","Active Power Losses Sensitivity: dPloss/dP in kW/MW","Branch Sensitivity dPbranch/dPbus/Terminal i in MW/MW","Branch Sensitivity dPbranch/dtap/Terminal i in MW/tap","Active Power Losses Sensitivity: dPloss/dP in kW/MW","Branch Sensitivity dPbranch/dPbus/Terminal i in MW/MW","Branch Sensitivity dPbranch/dtap/Terminal i in MW/tap","Active Power Losses Sensitivity: dPloss/dP in kW/MW","Branch Sensitivity dPbranch/dPbus/Terminal i in MW/MW","Branch Sensitivity dPbranch/dtap/Terminal i in MW/tap","Active Power Losses Sensitivity: dPloss/dP in kW/MW","Branch Sensitivity dPbranch/dPbus/Terminal i in MW/MW","Branch Sensitivity dPbranch/dtap/Terminal i in MW/tap","Active Power Losses Sensitivity: dPloss/dP in kW/MW","Branch Sensitivity dPbranch/dPbus/Terminal i in MW/MW","Branch Sensitivity dPbranch/dtap/Terminal i in MW/tap","Active Power Losses Sensitivity: dPloss/dP in kW/MW","Branch Sensitivity dPbranch/dPbus/HV-Side in MW/MW","Branch Sensitivity dPbranch/dPbus/LV-Side in MW/MW","Branch Sensitivity dPbranch/dtap/HV-Side in MW/tap","Branch Sensitivity dPbranch/dtap/LV-Side in MW/tap","Active Power Losses Sensitivity: dPloss/dP in kW/MW","Branch Sensitivity dPbranch/dPbus/HV-Side in MW/MW","Branch Sensitivity dPbranch/dPbus/LV-Side in MW/MW","Branch Sensitivity dPbranch/dtap/HV-Side in MW/tap","Branch Sensitivity dPbranch/dtap/LV-Side in MW/tap","Active Power Losses Sensitivity: dPloss/dP in kW/MW","Branch Sensitivity dPbranch/dPbus/HV-Side in MW/MW","Branch Sensitivity dPbranch/dPbus/LV-Side in MW/MW","Branch Sensitivity dPbranch/dtap/HV-Side in MW/tap","Branch Sensitivity dPbranch/dtap/LV-Side in MW/tap","Active Power Losses Sensitivity: dPloss/dP in kW/MW","Branch Sensitivity dPbranch/dPbus/HV-Side in MW/MW","Branch Sensitivity dPbranch/dPbus/LV-Side in MW/MW","Branch Sensitivity dPbranch/dtap/HV-Side in MW/tap","Branch Sensitivity dPbranch/dtap/LV-Side in MW/tap","Active Power Losses Sensitivity: dPloss/dP in kW/MW","Branch Sensitivity dPbranch/dPbus/HV-Side in MW/MW","Branch Sensitivity dPbranch/dPbus/LV-Side in MW/MW","Branch Sensitivity dPbranch/dtap/HV-Side in MW/tap","Branch Sensitivity dPbranch/dtap/LV-Side in MW/tap","Active Power Losses Sensitivity: dPloss/dP in kW/MW","Branch Sensitivity dPbranch/dPbus/Terminal i in MW/MW","Branch Sensitivity dPbranch/dtap/Terminal i in MW/tap","Active Power Losses Sensitivity: dPloss/dP in kW/MW","Branch Sensitivity dPbranch/dPbus/Terminal i in MW/MW","Branch Sensitivity dPbranch/dtap/Terminal i in MW/tap","Active Power Losses Sensitivity: dPloss/dP in kW/MW","Branch Sensitivity dPbranch/dPbus/Terminal i in MW/MW","Branch Sensitivity dPbranch/dtap/Terminal i in MW/tap","Active Power Losses Sensitivity: dPloss/dP in kW/MW","Branch Sensitivity dPbranch/dPbus/Terminal i in MW/MW","Branch Sensitivity dPbranch/dtap/Terminal i in MW/tap","Active Power Losses Sensitivity: dPloss/dP in kW/MW","Branch Sensitivity dPbranch/dPbus/Terminal i in MW/MW","Branch Sensitivity dPbranch/dtap/Terminal i in MW/tap","Active Power Losses Sensitivity: dPloss/dP in kW/MW","Branch Sensitivity dPbranch/dPbus/Terminal i in MW/MW","Branch Sensitivity dPbranch/dtap/Terminal i in MW/tap","Active Power Losses Sensitivity: dPloss/dP in kW/MW","Branch Sensitivity dPbranch/dPbus/Terminal i in MW/MW","Branch Sensitivity dPbranch/dtap/Terminal i in MW/tap","Active Power Losses Sensitivity: dPloss/dP in kW/MW","Branch Sensitivity dPbranch/dPbus/Terminal i in MW/MW","Branch Sensitivity dPbranch/dtap/Terminal i in MW/tap","Active Power Losses Sensitivity: dPloss/dP in kW/MW","Branch Sensitivity dPbranch/dPbus/Terminal i in MW/MW","Branch Sensitivity dPbranch/dtap/Terminal i in MW/tap","Active Power Losses Sensitivity: dPloss/dP in kW/MW","Branch Sensitivity dPbranch/dPbus/HV-Side in MW/MW","Branch Sensitivity dPbranch/dPbus/LV-Side in MW/MW","Branch Sensitivity dPbranch/dtap/HV-Side in MW/tap","Branch Sensitivity dPbranch/dtap/LV-Side in MW/tap","Active Power Losses Sensitivity: dPloss/dP in kW/MW","Branch Sensitivity dPbranch/dPbus/HV-Side in MW/MW","Branch Sensitivity dPbranch/dPbus/LV-Side in MW/MW","Branch Sensitivity dPbranch/dtap/HV-Side in MW/tap","Branch Sensitivity dPbranch/dtap/LV-Side in MW/tap","Active Power Losses Sensitivity: dPloss/dP in kW/MW","Branch Sensitivity dPbranch/dPbus/HV-Side in MW/MW","Branch Sensitivity dPbranch/dPbus/LV-Side in MW/MW","Branch Sensitivity dPbranch/dtap/HV-Side in MW/tap","Branch Sensitivity dPbranch/dtap/LV-Side in MW/tap","Active Power Losses Sensitivity: dPloss/dP in kW/MW","Branch Sensitivity dPbranch/dPbus/Terminal i in MW/MW","Branch Sensitivity dPbranch/dtap/Terminal i in MW/tap","Active Power Losses Sensitivity: dPloss/dP in kW/MW","Branch Sensitivity dPbranch/dPbus/Terminal i in MW/MW","Branch Sensitivity dPbranch/dtap/Terminal i in MW/tap","Active Power Losses Sensitivity: dPloss/dP in kW/MW","Branch Sensitivity dPbranch/dPbus/Terminal i in MW/MW","Branch Sensitivity dPbranch/dtap/Terminal i in MW/tap","Active Power Losses Sensitivity: dPloss/dP in kW/MW","Branch Sensitivity dPbranch/dPbus/HV-Side in MW/MW","Branch Sensitivity dPbranch/dPbus/LV-Side in MW/MW","Branch Sensitivity dPbranch/dtap/HV-Side in MW/tap","Branch Sensitivity dPbranch/dtap/LV-Side in MW/tap","Active Power Losses Sensitivity: dPloss/dP in kW/MW","Branch Sensitivity dPbranch/dPbus/HV-Side in MW/MW","Branch Sensitivity dPbranch/dPbus/LV-Side in MW/MW","Branch Sensitivity dPbranch/dtap/HV-Side in MW/tap","Branch Sensitivity dPbranch/dtap/LV-Side in MW/tap","Active Power Losses Sensitivity: dPloss/dP in kW/MW","Branch Sensitivity dPbranch/dPbus/HV-Side in MW/MW","Branch Sensitivity dPbranch/dPbus/LV-Side in MW/MW","Branch Sensitivity dPbranch/dtap/HV-Side in MW/tap","Branch Sensitivity dPbranch/dtap/LV-Side in MW/tap","Active Power Losses Sensitivity: dPloss/dP in kW/MW","Branch Sensitivity dPbranch/dPbus/HV-Side in MW/MW","Branch Sensitivity dPbranch/dPbus/LV-Side in MW/MW","Branch Sensitivity dPbranch/dtap/HV-Side in MW/tap","Branch Sensitivity dPbranch/dtap/LV-Side in MW/tap","Active Power Losses Sensitivity: dPloss/dP in kW/MW","Branch Sensitivity dPbranch/dPbus/HV-Side in MW/MW","Branch Sensitivity dPbranch/dPbus/LV-Side in MW/MW","Branch Sensitivity dPbranch/dtap/HV-Side in MW/tap","Branch Sensitivity dPbranch/dtap/LV-Side in MW/tap","Active Power Losses Sensitivity: dPloss/dP in kW/MW","Branch Sensitivity dPbranch/dPbus/Terminal i in MW/MW","Branch Sensitivity dPbranch/dtap/Terminal i in MW/tap","Active Power Losses Sensitivity: dPloss/dP in kW/MW","Branch Sensitivity dPbranch/dPbus/Terminal i in MW/MW","Branch Sensitivity dPbranch/dtap/Terminal i in MW/tap","Active Power Losses Sensitivity: dPloss/dP in kW/MW","Branch Sensitivity dPbranch/dPbus/Terminal i in MW/MW","Branch Sensitivity dPbranch/dtap/Terminal i in MW/tap","Active Power Losses Sensitivity: dPloss/dP in kW/MW","Branch Sensitivity dPbranch/dPbus/Terminal i in MW/MW","Branch Sensitivity dPbranch/dtap/Terminal i in MW/tap","Active Power Losses Sensitivity: dPloss/dP in kW/MW","Branch Sensitivity dPbranch/dPbus/Terminal i in MW/MW","Branch Sensitivity dPbranch/dtap/Terminal i in MW/tap","Active Power Losses Sensitivity: dPloss/dP in kW/MW","Branch Sensitivity dPbranch/dPbus/HV-Side in MW/MW","Branch Sensitivity dPbranch/dPbus/LV-Side in MW/MW","Branch Sensitivity dPbranch/dtap/HV-Side in MW/tap","Branch Sensitivity dPbranch/dtap/LV-Side in MW/tap","Active Power Losses Sensitivity: dPloss/dP in kW/MW","Branch Sensitivity dPbranch/dPbus/HV-Side in MW/MW","Branch Sensitivity dPbranch/dPbus/LV-Side in MW/MW","Branch Sensitivity dPbranch/dtap/HV-Side in MW/tap","Branch Sensitivity dPbranch/dtap/LV-Side in MW/tap","Active Power Losses Sensitivity: dPloss/dP in kW/MW","Branch Sensitivity dPbranch/dPbus/HV-Side in MW/MW","Branch Sensitivity dPbranch/dPbus/LV-Side in MW/MW","Branch Sensitivity dPbranch/dtap/HV-Side in MW/tap","Branch Sensitivity dPbranch/dtap/LV-Side in MW/tap","Active Power Losses Sensitivity: dPloss/dP in kW/MW","Branch Sensitivity dPbranch/dPbus/HV-Side in MW/MW","Branch Sensitivity dPbranch/dPbus/LV-Side in MW/MW","Branch Sensitivity dPbranch/dtap/HV-Side in MW/tap","Branch Sensitivity dPbranch/dtap/LV-Side in MW/tap","Active Power Losses Sensitivity: dPloss/dP in kW/MW","Branch Sensitivity dPbranch/dPbus/HV-Side in MW/MW","Branch Sensitivity dPbranch/dPbus/LV-Side in MW/MW","Branch Sensitivity dPbranch/dtap/HV-Side in MW/tap","Branch Sensitivity dPbranch/dtap/LV-Side in MW/tap","Active Power Losses Sensitivity: dPloss/dP in kW/MW","Branch Sensitivity dPbranch/dPbus/HV-Side in MW/MW","Branch Sensitivity dPbranch/dPbus/LV-Side in MW/MW","Branch Sensitivity dPbranch/dtap/HV-Side in MW/tap","Branch Sensitivity dPbranch/dtap/LV-Side in MW/tap","Active Power Losses Sensitivity: dPloss/dP in kW/MW","Branch Sensitivity dPbranch/dPbus/HV-Side in MW/MW","Branch Sensitivity dPbranch/dPbus/LV-Side in MW/MW","Branch Sensitivity dPbranch/dtap/HV-Side in MW/tap","Branch Sensitivity dPbranch/dtap/LV-Side in MW/tap","Active Power Losses Sensitivity: dPloss/dP in kW/MW","Branch Sensitivity dPbranch/dPbus/HV-Side in MW/MW","Branch Sensitivity dPbranch/dPbus/LV-Side in MW/MW","Branch Sensitivity dPbranch/dtap/HV-Side in MW/tap","Branch Sensitivity dPbranch/dtap/LV-Side in MW/tap","Active Power Losses Sensitivity: dPloss/dP in kW/MW","Branch Sensitivity dPbranch/dPbus/HV-Side in MW/MW","Branch Sensitivity dPbranch/dPbus/LV-Side in MW/MW","Branch Sensitivity dPbranch/dtap/HV-Side in MW/tap","Branch Sensitivity dPbranch/dtap/LV-Side in MW/tap","Active Power Losses Sensitivity: dPloss/dP in kW/MW","Branch Sensitivity dPbranch/dPbus/HV-Side in MW/MW","Branch Sensitivity dPbranch/dPbus/LV-Side in MW/MW","Branch Sensitivity dPbranch/dtap/HV-Side in MW/tap","Branch Sensitivity dPbranch/dtap/LV-Side in MW/tap","Active Power Losses Sensitivity: dPloss/dP in kW/MW","Branch Sensitivity dPbranch/dPbus/HV-Side in MW/MW","Branch Sensitivity dPbranch/dPbus/LV-Side in MW/MW","Branch Sensitivity dPbranch/dtap/HV-Side in MW/tap","Branch Sensitivity dPbranch/dtap/LV-Side in MW/tap","Active Power Losses Sensitivity: dPloss/dP in kW/MW","Branch Sensitivity dPbranch/dPbus/HV-Side in MW/MW","Branch Sensitivity dPbranch/dPbus/LV-Side in MW/MW","Branch Sensitivity dPbranch/dtap/HV-Side in MW/tap","Branch Sensitivity dPbranch/dtap/LV-Side in MW/tap","Active Power Losses Sensitivity: dPloss/dP in kW/MW","PTDF-North East_North West in MW/MW","PTDF-North East_South East in MW/MW","PTDF-North East_South West in MW/MW","PTDF-North West_North East in MW/MW","PTDF-North West_South West in MW/MW","PTDF-South East_North East in MW/MW","PTDF-South West_North East in MW/MW","PTDF-South West_North West in MW/MW"
-1.000000,0.000000,0.000000,   ----,   ----,   ----,   ----,   ----,   ----,   ----,   ----,   ----,   ----,   ----,   ----,   ----,   ----,   ----,   ----,   ----,   ----,   ----,   ----,   ----,   ----,   ----,   ----,   ----,   ----,   ----,   ----,   ----,   ----,   ----,   ----,   ----,   ----,   ----,   ----,   ----,   ----,   ----,   ----,   ----,   ----,   ----,   ----,   ----,   ----,   ----,   ----,   ----,   ----,   ----,   ----,   ----,   ----,   ----,   ----,   ----,   ----,   ----,   ----,   ----,   ----,   ----,   ----,   ----,   ----,   ----,   ----,   ----,   ----,   ----,   ----,   ----,   ----,   ----,   ----,   ----,   ----,   ----,   ----,   ----,   ----,   ----,   ----,   ----,   ----,   ----,   ----,   ----,   ----,   ----,   ----,   ----,   ----,   ----,   ----,   ----,   ----,   ----,   ----,   ----,   ----,   ----,   ----,   ----,   ----,   ----,   ----,   ----,   ----,   ----,   ----,   ----,   ----,   ----,   ----,   ----,   ----,   ----,   ----,   ----,   ----,   ----,   ----,   ----,   ----,   ----,   ----,   ----,   ----,   ----,   ----,   ----,   ----,   ----,   ----,   ----,   ----,   ----,   ----,   ----,   ----,   ----,   ----,   ----,   ----,   ----,   ----,   ----,   ----,   ----,   ----,   ----,   ----,   ----,   ----,   ----,   ----,   ----,   ----,   ----,   ----,   ----,   ----,   ----,   ----,   ----,   ----,   ----,   ----,   ----,   ----,   ----,   ----,   ----,   ----,   ----,   ----,   ----,   ----,   ----,   ----,   ----,   ----,   ----,   ----,   ----,   ----,   ----,   ----,   ----,   ----,   ----,   ----,   ----,   ----,   ----,   ----,   ----,   ----,   ----,   ----,   ----,   ----,   ----,   ----,   ----,   ----,   ----,   ----,   ----,   ----,   ----,   ----,   ----,   ----,   ----,   ----,   ----,   ----,   ----,   ----,   ----,   ----,   ----,   ----,   ----,   ----,   ----,   ----,   ----,   ----,   ----,   ----,   ----,   ----,   ----,   ----,   ----,   ----,   ----,   ----,   ----,   ----,   ----,   ----,   ----,   ----,   ----,   ----,   ----,   ----,   ----,   ----,   ----,   ----,   ----,   ----,   ----,   ----,   ----,   ----,   ----,   ----,   ----,   ----,   ----,   ----,   ----,   ----,   ----,   ----,   ----,   ----,   ----,   ----,   ----,   ----,   ----,   ----,   ----,   ----,   ----,   ----,   ----,   ----,   ----,   ----,   ----,   ----,   ----,   ----,   ----,   ----,   ----,   ----,   ----,   ----,   ----,   ----,   ----,   ----,   ----,   ----,   ----,   ----,   ----,   ----,   ----,   ----,   ----,   ----,   ----,   ----,   ----,   ----,   ----,   ----,   ----,   ----,   ----,   ----,   ----,   ----,   ----,   ----,   ----,   ----,   ----,   ----,   ----,   ----,   ----,   ----,   ----,   ----,   ----,   ----,   ----,   ----,   ----,   ----,   ----,   ----,   ----,   ----,   ----,   ----,   ----,   ----,   ----,   ----,   ----,   ----,   ----,   ----,   ----,   ----,   ----,   ----,   ----,   ----,   ----,   ----,   ----,   ----,   ----,   ----,   ----,   ----,   ----,   ----,   ----,   ----,   ----,   ----,   ----,   ----,   ----,   ----,   ----,   ----,   ----,   ----,   ----,   ----,   ----,   ----,   ----,   ----,   ----,   ----,   ----,   ----,   ----,   ----,   ----,   ----,   ----,   ----,   ----,   ----,   ----,   ----,   ----,   ----,   ----,   ----,   ----,   ----,   ----,   ----,   ----,   ----,   ----,   ----,   ----,   ----,   ----,   ----,   ----,   ----,   ----,   ----,   ----,   ----,   ----,   ----,   ----,   ----,   ----,   ----,   ----,   ----,   ----,   ----,   ----,   ----,   ----,   ----,   ----,   ----,   ----,   ----,   ----,   ----,   ----,   ----,   ----,   ----,   ----,   ----,   ----,   ----,   ----,   ----,   ----,   ----,   ----,   ----,   ----,   ----,   ----,   ----,   ----,   ----,   ----,   ----,   ----,   ----,   ----,   ----,   ----,   ----,   ----,   ----,   ----,   ----,   ----,   ----,   ----,   ----,   ----,   ----,   ----,   ----,   ----,   ----,   ----,   ----,   ----,   ----,   ----,   ----,   ----,   ----,   ----,   ----,   ----,   ----,   ----,   ----,   ----,   ----,   ----,   ----,   ----,   ----,   ----,   ----,   ----,   ----,   ----,   ----,   ----,   ----,   ----,   ----,   ----,   ----,   ----,   ----,   ----,   ----,   ----,   ----,   ----,   ----,   ----,   ----,   ----,   ----,   ----,   ----,   ----,   ----,   ----,   ----,   ----,   ----,   ----,   ----,   ----,   ----,   ----,   ----,   ----,   ----,   ----,   ----,   ----,   ----,   ----,   ----,   ----,   ----,   ----,   ----,   ----,   ----,   ----,   ----,   ----,   ----,   ----,   ----,   ----,   ----,   ----,   ----,   ----,   ----,   ----,   ----,   ----,   ----,   ----,   ----,   ----,   ----,   ----,   ----,   ----,   ----,   ----,   ----,   ----,   ----,   ----,   ----,   ----,   ----,   ----,   ----,   ----,   ----,   ----,   ----,   ----,   ----,   ----,   ----,   ----,   ----,   ----,   ----,   ----,   ----,   ----,   ----,   ----,   ----,   ----,   ----,   ----,   ----,   ----,   ----,   ----,   ----,   ----,   ----,   ----,   ----,   ----,   ----,   ----,   ----,   ----,   ----,   ----,   ----,   ----,   ----,   ----,   ----,   ----,   ----,   ----,   ----,   ----,   ----,   ----,   ----,   ----,   ----,   ----,   ----,   ----,   ----,   ----,   ----,   ----,   ----,   ----,   ----,   ----,   ----,   ----,   ----,   ----,   ----,   ----,   ----,   ----,   ----,   ----,   ----,   ----,   ----,   ----,   ----,   ----,   ----,   ----,   ----,   ----,   ----,   ----,   ----,   ----,   ----,   ----,   ----,   ----,   ----,   ----,   ----,   ----,   ----,   ----,   ----,   ----,   ----,   ----,   ----,   ----,   ----,   ----,   ----,   ----,   ----,   ----,   ----,   ----,   ----,   ----,   ----,   ----,   ----,   ----,   ----,   ----,   ----,   ----,   ----,   ----,   ----,   ----,   ----,   ----,   ----,   ----,   ----,   ----,   ----,   ----,   ----,   ----,   ----,   ----,   ----,   ----,   ----,   ----,   ----,   ----,   ----,   ----,   ----,   ----,   ----,   ----,   ----,   ----,   ----,   ----,   ----,   ----,   ----,   ----,   ----,   ----,   ----,   ----,   ----,   ----,   ----,   ----,   ----,   ----,   ----,   ----,   ----,   ----,   ----,   ----,   ----,   ----,   ----,   ----,   ----,   ----,   ----,   ----,   ----,   ----,   ----,   ----,   ----,   ----,   ----,   ----,   ----,   ----,   ----,   ----,   ----,   ----,   ----,   ----,   ----,   ----,   ----,   ----,   ----,   ----,   ----,   ----,   ----,   ----,   ----,   ----,   ----,   ----,   ----,   ----,   ----,   ----,   ----,   ----,   ----,   ----,   ----,   ----,   ----,   ----,   ----,   ----,   ----,   ----,   ----,   ----,   ----,   ----,   ----,   ----,   ----,   ----,   ----,   ----,   ----,   ----,   ----,   ----,   ----,   ----,   ----,   ----,   ----,   ----,   ----,   ----,   ----,   ----,   ----,   ----,   ----,   ----,   ----,   ----,   ----,   ----,   ----,   ----,   ----,   ----,   ----,   ----,   ----,   ----,   ----,   ----,   ----,   ----,   ----,   ----,   ----,   ----,   ----,   ----,   ----,   ----,   ----,   ----,   ----,   ----,   ----,   ----,   ----,   ----,   ----,   ----,   ----,   ----,   ----,   ----,   ----,   ----,   ----,   ----,   ----,   ----,   ----,   ----,   ----,   ----,   ----,   ----,   ----,   ----,   ----,   ----,   ----,   ----,   ----,   ----,   ----,   ----,   ----,   ----,   ----,   ----,   ----,   ----,   ----,   ----,   ----,   ----,   ----,   ----,   ----,   ----,   ----,   ----,   ----,   ----,   ----,   ----,   ----,   ----,   ----,   ----,   ----,   ----,   ----,   ----,   ----,   ----,   ----,   ----,   ----,   ----,   ----,   ----,   ----,   ----,   ----,   ----,   ----,   ----,   ----,   ----,   ----,   ----,   ----,   ----,   ----,   ----,   ----,   ----,   ----,   ----,   ----,   ----,   ----,   ----,   ----,   ----,   ----,   ----,   ----,   ----,   ----,   ----,   ----,   ----,   ----,   ----,   ----,   ----,   ----,   ----,   ----,   ----,   ----,   ----,   ----,   ----,   ----,   ----,   ----,   ----,   ----,   ----,   ----,   ----,   ----,   ----,   ----,   ----,   ----,   ----,   ----,   ----,   ----,   ----,   ----,   ----,   ----,   ----,   ----,   ----,   ----,   ----,   ----,   ----,   ----,   ----,   ----,   ----,   ----,   ----,   ----,   ----,   ----,   ----,   ----,   ----,   ----,   ----,   ----,   ----,   ----,   ----,   ----,   ----,   ----,   ----,   ----,   ----,   ----,   ----,   ----,   ----,   ----,   ----,   ----,   ----,   ----,   ----,   ----,   ----,   ----,   ----,   ----,   ----,   ----,   ----,   ----,   ----,   ----,   ----,   ----,   ----,   ----,   ----,   ----,   ----,   ----,   ----,   ----,   ----,   ----,   ----,   ----,   ----,   ----,   ----,   ----,   ----,   ----,   ----,   ----,   ----,   ----,   ----,   ----,   ----,   ----,   ----,   ----,   ----,   ----,   ----,   ----,   ----,   ----,   ----,   ----,   ----,   ----,   ----,   ----,   ----,   ----,   ----,   ----,   ----,   ----,   ----,   ----,   ----,   ----,   ----,   ----,   ----,   ----,   ----,   ----,   ----,   ----,   ----,   ----,   ----,   ----,   ----,   ----,   ----,   ----,   ----,   ----,   ----,   ----,   ----,   ----,   ----,   ----,   ----,   ----,   ----,   ----,   ----,   ----,   ----,   ----,   ----,   ----,   ----,   ----,   ----,   ----,   ----,   ----,   ----,   ----,   ----,   ----,   ----,   ----,   ----,   ----,   ----,   ----,   ----,   ----,   ----,   ----,   ----,   ----,   ----,   ----,   ----,   ----,   ----,   ----,   ----,   ----,   ----,   ----,   ----,   ----,   ----,   ----,   ----,   ----,   ----,   ----,   ----,   ----,   ----,   ----,   ----,   ----,   ----,   ----,   ----,   ----,   ----,   ----,   ----,   ----,   ----,   ----,   ----,   ----,   ----,   ----,   ----,   ----,   ----,   ----,   ----,   ----,   ----,   ----,   ----,   ----,   ----,   ----,   ----,   ----,   ----,   ----,   ----,   ----,   ----,   ----,   ----,   ----,   ----,   ----,   ----,   ----,   ----,   ----,   ----,   ----,   ----,   ----,   ----,   ----,   ----,   ----,   ----,   ----,   ----,   ----,   ----,   ----,   ----,   ----,   ----,   ----,   ----,   ----,   ----,   ----,   ----,   ----,   ----,   ----,   ----,   ----,   ----,   ----,   ----,   ----,   ----,   ----,   ----,   ----,   ----,   ----,   ----,   ----,   ----,   ----,   ----,   ----,   ----,   ----,   ----,   ----,   ----,   ----,   ----,   ----,   ----,   ----,   ----,   ----,   ----,   ----,   ----,   ----,   ----,   ----,   ----,   ----,   ----,   ----,   ----,   ----,   ----,   ----,   ----,   ----,   ----,   ----,   ----,   ----,   ----,   ----,   ----,   ----,   ----,   ----,   ----,   ----,   ----,   ----,   ----,   ----,   ----,   ----,   ----,   ----,   ----,   ----,   ----,   ----,   ----,   ----,   ----,   ----,   ----,   ----,   ----,   ----,   ----,   ----,   ----,   ----,   ----,   ----,   ----,   ----,   ----,   ----,   ----,   ----,   ----,   ----,   ----,   ----,   ----,   ----,   ----,   ----,   ----,   ----,   ----,   ----,   ----,   ----,   ----,   ----,   ----,   ----,   ----,   ----,   ----,   ----,   ----,   ----,   ----,   ----,   ----,   ----,   ----,   ----,   ----,   ----,   ----,   ----,   ----,   ----,   ----,   ----,   ----,   ----,   ----,   ----,   ----,   ----,   ----,   ----,   ----,   ----,   ----,   ----,   ----,   ----,   ----,   ----,   ----,   ----,   ----,   ----,   ----,   ----,   ----,   ----,   ----,   ----,   ----,   ----,   ----,   ----,   ----,   ----,   ----,   ----,   ----,   ----,   ----,   ----,   ----,   ----,   ----,   ----,   ----,   ----,   ----,   ----,   ----,   ----,   ----,   ----,   ----,   ----,   ----,   ----,   ----,   ----,   ----,   ----,   ----,   ----,   ----,   ----,   ----,   ----,   ----,   ----,   ----,   ----,   ----,   ----,   ----,   ----,   ----,   ----,   ----,   ----,   ----,   ----,   ----,   ----,   ----,   ----,   ----,   ----,   ----,   ----,   ----,   ----,   ----,   ----,   ----,   ----,   ----,   ----,   ----,   ----,   ----,   ----,   ----,   ----,   ----,   ----,   ----,   ----,   ----,   ----,   ----,   ----,   ----,   ----,   ----,   ----,   ----,   ----,   ----,   ----,   ----,   ----,   ----,   ----,   ----,   ----,   ----,   ----,   ----,   ----,   ----,   ----,   ----,   ----,   ----,   ----,   ----,   ----,   ----,   ----,   ----,   ----,   ----,   ----,   ----,   ----,   ----,   ----,   ----,   ----,   ----,   ----,   ----,   ----,   ----,   ----,   ----,   ----,   ----,   ----,   ----,   ----,   ----,   ----,   ----,   ----,   ----,   ----,   ----,   ----,   ----,   ----,   ----,   ----,   ----,   ----,   ----,   ----,   ----,   ----,   ----,   ----,   ----,   ----,   ----,   ----,   ----,   ----,   ----,   ----,   ----,   ----,   ----,   ----,   ----,   ----,   ----,   ----,   ----,   ----,   ----,   ----,   ----,   ----,   ----,   ----,   ----,   ----,   ----,   ----,   ----,   ----,   ----,   ----,   ----,   ----,   ----,   ----,   ----,   ----,   ----,   ----,   ----,   ----,   ----,   ----,   ----,   ----,   ----,   ----,   ----,   ----,   ----,   ----,   ----,   ----,   ----,   ----,   ----,   ----,0.241389,0.000000,0.000000,0.121057,0.000000,0.000000,0.121057,0.000000,0.000000,-0.775489,0.000000,0.000000,0.398961,0.000000,0.000000,-0.199973,0.200000,0.000000,0.000000,0.000000,-0.199970,0.200000,0.000000,0.000000,0.000000,-0.199481,0.200000,0.000000,0.000000,0.000000,-0.199481,0.200000,0.000000,0.000000,0.000000,-0.199987,0.200000,0.000000,0.000000,0.000000,-0.147207,0.000000,0.000000,-0.148195,0.000000,0.000000,0.218230,0.000000,0.000000,0.218230,0.000000,0.000000,0.362965,0.000000,0.000000,0.364592,0.000000,0.000000,   ----,   ----,   ----,0.147763,0.000000,0.000000,-0.147184,0.000000,0.000000,   ----,   ----,   ----,   ----,   ----,   ----,   ----,   ----,   ----,   ----,   ----,   ----,   ----,   ----,   ----,   ----,   ----,   ----,   ----,   ----,   ----,   ----,   ----,   ----,   ----,   ----,   ----,   ----,   ----,   ----,   ----,   ----,   ----,   ----,   ----,   ----,   ----,   ----,   ----,   ----,   ----,   ----,   ----,   ----,   ----,   ----,   ----,   ----,   ----,   ----,   ----,   ----,   ----,   ----,   ----,   ----,   ----,   ----,   ----,   ----,   ----,   ----,   ----,   ----,   ----,   ----,   ----,   ----,   ----,   ----,   ----,   ----,   ----,   ----,   ----,   ----,   ----,   ----,   ----,   ----,   ----,   ----,   ----,   ----,   ----,   ----,   ----,   ----,   ----,   ----,   ----,   ----,   ----,   ----,   ----,   ----,   ----,   ----,   ----,0.958689,-0.954602,0.000000,0.000000,0.000000,   ----,   ----,   ----,   ----,   ----,   ----,   ----,   ----,   ----,   ----,   ----,   ----,   ----,   ----,   ----,   ----,   ----,   ----,   ----,   ----,0.733360,-0.000225,0.241389,-0.733360,0.727556,0.000225,-0.241389,-0.727556
-2.000000,0.000000,0.000000,   ----,   ----,   ----,   ----,   ----,   ----,   ----,   ----,   ----,   ----,   ----,   ----,   ----,   ----,   ----,   ----,   ----,   ----,   ----,   ----,   ----,   ----,   ----,   ----,   ----,   ----,   ----,   ----,   ----,   ----,   ----,   ----,   ----,   ----,   ----,   ----,   ----,   ----,   ----,   ----,   ----,   ----,   ----,   ----,   ----,   ----,   ----,   ----,   ----,   ----,   ----,   ----,   ----,   ----,   ----,   ----,   ----,   ----,   ----,   ----,   ----,   ----,   ----,   ----,   ----,   ----,   ----,   ----,   ----,   ----,   ----,   ----,   ----,   ----,   ----,   ----,   ----,   ----,   ----,   ----,   ----,   ----,   ----,   ----,   ----,   ----,   ----,   ----,   ----,   ----,   ----,   ----,   ----,   ----,   ----,   ----,   ----,   ----,   ----,   ----,   ----,   ----,   ----,   ----,   ----,   ----,   ----,   ----,   ----,   ----,   ----,   ----,   ----,   ----,   ----,   ----,   ----,   ----,   ----,   ----,   ----,   ----,   ----,   ----,   ----,   ----,   ----,   ----,   ----,   ----,   ----,   ----,   ----,   ----,   ----,   ----,   ----,   ----,   ----,   ----,   ----,   ----,   ----,   ----,   ----,   ----,   ----,   ----,   ----,   ----,   ----,   ----,   ----,   ----,   ----,   ----,   ----,   ----,   ----,   ----,   ----,   ----,   ----,   ----,   ----,   ----,   ----,   ----,   ----,   ----,   ----,   ----,   ----,   ----,   ----,   ----,   ----,   ----,   ----,   ----,   ----,   ----,   ----,   ----,   ----,   ----,   ----,   ----,   ----,   ----,   ----,   ----,   ----,   ----,   ----,   ----,   ----,   ----,   ----,   ----,   ----,   ----,   ----,   ----,   ----,   ----,   ----,   ----,   ----,   ----,   ----,   ----,   ----,   ----,   ----,   ----,   ----,   ----,   ----,   ----,   ----,   ----,   ----,   ----,   ----,   ----,   ----,   ----,   ----,   ----,   ----,   ----,   ----,   ----,   ----,   ----,   ----,   ----,   ----,   ----,   ----,   ----,   ----,   ----,   ----,   ----,   ----,   ----,   ----,   ----,   ----,   ----,   ----,   ----,   ----,   ----,   ----,   ----,   ----,   ----,   ----,   ----,   ----,   ----,   ----,   ----,   ----,   ----,   ----,   ----,   ----,   ----,   ----,   ----,   ----,   ----,   ----,   ----,   ----,   ----,   ----,   ----,   ----,   ----,   ----,   ----,   ----,   ----,   ----,   ----,   ----,   ----,   ----,   ----,   ----,   ----,   ----,   ----,   ----,   ----,   ----,   ----,   ----,   ----,   ----,   ----,   ----,   ----,   ----,   ----,   ----,   ----,   ----,   ----,   ----,   ----,   ----,   ----,   ----,   ----,   ----,   ----,   ----,   ----,   ----,   ----,   ----,   ----,   ----,   ----,   ----,   ----,   ----,   ----,   ----,   ----,   ----,   ----,   ----,   ----,   ----,   ----,   ----,   ----,   ----,   ----,   ----,   ----,   ----,   ----,   ----,   ----,   ----,   ----,   ----,   ----,   ----,   ----,   ----,   ----,   ----,   ----,   ----,   ----,   ----,   ----,   ----,   ----,   ----,   ----,   ----,   ----,   ----,   ----,   ----,   ----,   ----,   ----,   ----,   ----,   ----,   ----,   ----,   ----,   ----,   ----,   ----,   ----,   ----,   ----,   ----,   ----,   ----,   ----,   ----,   ----,   ----,   ----,   ----,   ----,   ----,   ----,   ----,   ----,   ----,   ----,   ----,   ----,   ----,   ----,   ----,   ----,   ----,   ----,   ----,   ----,   ----,   ----,   ----,   ----,   ----,   ----,   ----,   ----,   ----,   ----,   ----,   ----,   ----,   ----,   ----,   ----,   ----,   ----,   ----,   ----,   ----,   ----,   ----,   ----,   ----,   ----,   ----,   ----,   ----,   ----,   ----,   ----,   ----,   ----,   ----,   ----,   ----,   ----,   ----,   ----,   ----,   ----,   ----,   ----,   ----,   ----,   ----,   ----,   ----,   ----,   ----,   ----,   ----,   ----,   ----,   ----,   ----,   ----,   ----,   ----,   ----,   ----,   ----,   ----,   ----,   ----,   ----,   ----,   ----,   ----,   ----,   ----,   ----,   ----,   ----,   ----,   ----,   ----,   ----,   ----,   ----,   ----,   ----,   ----,   ----,   ----,   ----,   ----,   ----,   ----,   ----,   ----,   ----,   ----,   ----,   ----,   ----,   ----,   ----,   ----,   ----,   ----,   ----,   ----,   ----,   ----,   ----,   ----,   ----,   ----,   ----,   ----,   ----,   ----,   ----,   ----,   ----,   ----,   ----,   ----,   ----,   ----,   ----,   ----,   ----,   ----,   ----,   ----,   ----,   ----,   ----,   ----,   ----,   ----,   ----,   ----,   ----,   ----,   ----,   ----,   ----,   ----,   ----,   ----,   ----,   ----,   ----,   ----,   ----,   ----,   ----,   ----,   ----,   ----,   ----,   ----,   ----,   ----,   ----,   ----,   ----,   ----,   ----,   ----,   ----,   ----,   ----,   ----,   ----,   ----,   ----,   ----,   ----,   ----,   ----,   ----,   ----,   ----,   ----,   ----,   ----,   ----,   ----,   ----,   ----,   ----,   ----,   ----,   ----,   ----,   ----,   ----,   ----,   ----,   ----,   ----,   ----,   ----,   ----,   ----,   ----,   ----,   ----,   ----,   ----,   ----,   ----,   ----,   ----,   ----,   ----,   ----,   ----,   ----,   ----,   ----,   ----,   ----,   ----,   ----,   ----,   ----,   ----,   ----,   ----,   ----,   ----,   ----,   ----,   ----,   ----,   ----,   ----,   ----,   ----,   ----,   ----,   ----,   ----,   ----,   ----,   ----,   ----,   ----,   ----,   ----,   ----,   ----,   ----,   ----,   ----,   ----,   ----,   ----,   ----,   ----,   ----,   ----,   ----,   ----,   ----,   ----,   ----,   ----,   ----,   ----,   ----,   ----,   ----,   ----,   ----,   ----,   ----,   ----,   ----,   ----,   ----,   ----,   ----,   ----,   ----,   ----,   ----,   ----,   ----,   ----,   ----,   ----,   ----,   ----,   ----,   ----,   ----,   ----,   ----,   ----,   ----,   ----,   ----,   ----,   ----,   ----,   ----,   ----,   ----,   ----,   ----,   ----,   ----,   ----,   ----,   ----,   ----,   ----,   ----,   ----,   ----,   ----,   ----,   ----,   ----,   ----,   ----,   ----,   ----,   ----,   ----,   ----,   ----,   ----,   ----,   ----,   ----,   ----,   ----,   ----,   ----,   ----,   ----,   ----,   ----,   ----,   ----,   ----,   ----,   ----,   ----,   ----,   ----,   ----,   ----,   ----,   ----,   ----,   ----,   ----,   ----,   ----,   ----,   ----,   ----,   ----,   ----,   ----,   ----,   ----,   ----,   ----,   ----,   ----,   ----,   ----,   ----,   ----,   ----,   ----,   ----,   ----,   ----,   ----,   ----,   ----,   ----,   ----,   ----,   ----,   ----,   ----,   ----,   ----,   ----,   ----,   ----,   ----,   ----,   ----,   ----,   ----,   ----,   ----,   ----,   ----,   ----,   ----,   ----,   ----,   ----,   ----,   ----,   ----,   ----,   ----,   ----,   ----,   ----,   ----,   ----,   ----,   ----,   ----,   ----,   ----,   ----,   ----,   ----,   ----,   ----,   ----,   ----,   ----,   ----,   ----,   ----,   ----,   ----,   ----,   ----,   ----,   ----,   ----,   ----,   ----,   ----,   ----,   ----,   ----,   ----,   ----,   ----,   ----,   ----,   ----,   ----,   ----,   ----,   ----,   ----,   ----,   ----,   ----,   ----,   ----,   ----,   ----,   ----,   ----,   ----,   ----,   ----,   ----,   ----,   ----,   ----,   ----,   ----,   ----,   ----,   ----,   ----,   ----,   ----,   ----,   ----,   ----,   ----,   ----,   ----,   ----,   ----,   ----,   ----,   ----,   ----,   ----,   ----,   ----,   ----,   ----,   ----,   ----,   ----,   ----,   ----,   ----,   ----,   ----,   ----,   ----,   ----,   ----,   ----,   ----,   ----,   ----,   ----,   ----,   ----,   ----,   ----,   ----,   ----,   ----,   ----,   ----,   ----,   ----,   ----,   ----,   ----,   ----,   ----,   ----,   ----,   ----,   ----,   ----,   ----,   ----,   ----,   ----,   ----,   ----,   ----,   ----,   ----,   ----,   ----,   ----,   ----,   ----,   ----,   ----,   ----,   ----,   ----,   ----,   ----,   ----,   ----,   ----,   ----,   ----,   ----,   ----,   ----,   ----,   ----,   ----,   ----,   ----,   ----,   ----,   ----,   ----,   ----,   ----,   ----,   ----,   ----,   ----,   ----,   ----,   ----,   ----,   ----,   ----,   ----,   ----,   ----,   ----,   ----,   ----,   ----,   ----,   ----,   ----,   ----,   ----,   ----,   ----,   ----,   ----,   ----,   ----,   ----,   ----,   ----,   ----,   ----,   ----,   ----,   ----,   ----,   ----,   ----,   ----,   ----,   ----,   ----,   ----,   ----,   ----,   ----,   ----,   ----,   ----,   ----,   ----,   ----,   ----,   ----,   ----,   ----,   ----,   ----,   ----,   ----,   ----,   ----,   ----,   ----,   ----,   ----,   ----,   ----,   ----,   ----,   ----,   ----,   ----,   ----,   ----,   ----,   ----,   ----,   ----,   ----,   ----,   ----,   ----,   ----,   ----,   ----,   ----,   ----,   ----,   ----,   ----,   ----,   ----,   ----,   ----,   ----,   ----,   ----,   ----,   ----,   ----,   ----,   ----,   ----,   ----,   ----,   ----,   ----,   ----,   ----,   ----,   ----,   ----,   ----,   ----,   ----,   ----,   ----,   ----,   ----,   ----,   ----,   ----,   ----,   ----,   ----,   ----,   ----,   ----,   ----,   ----,   ----,   ----,   ----,   ----,   ----,   ----,   ----,   ----,   ----,   ----,   ----,   ----,   ----,   ----,   ----,   ----,   ----,   ----,   ----,   ----,   ----,   ----,   ----,   ----,   ----,   ----,   ----,   ----,   ----,   ----,   ----,   ----,   ----,   ----,   ----,   ----,   ----,   ----,   ----,   ----,   ----,   ----,   ----,   ----,   ----,   ----,   ----,   ----,   ----,   ----,   ----,   ----,   ----,   ----,   ----,   ----,   ----,   ----,   ----,   ----,   ----,   ----,   ----,   ----,   ----,   ----,   ----,   ----,   ----,   ----,   ----,   ----,   ----,   ----,   ----,   ----,   ----,   ----,   ----,   ----,   ----,   ----,   ----,   ----,   ----,   ----,   ----,   ----,   ----,   ----,   ----,   ----,   ----,   ----,   ----,   ----,   ----,   ----,   ----,   ----,   ----,   ----,   ----,   ----,   ----,   ----,   ----,   ----,   ----,   ----,   ----,   ----,   ----,   ----,   ----,   ----,   ----,   ----,   ----,   ----,   ----,   ----,   ----,   ----,   ----,   ----,   ----,   ----,   ----,   ----,   ----,   ----,   ----,   ----,   ----,   ----,   ----,   ----,   ----,   ----,   ----,   ----,   ----,   ----,   ----,   ----,   ----,   ----,   ----,   ----,   ----,   ----,   ----,   ----,   ----,   ----,   ----,   ----,   ----,   ----,   ----,   ----,   ----,   ----,   ----,   ----,   ----,   ----,   ----,   ----,   ----,   ----,   ----,   ----,   ----,   ----,   ----,   ----,   ----,   ----,   ----,   ----,   ----,   ----,   ----,   ----,   ----,   ----,   ----,   ----,   ----,   ----,   ----,   ----,   ----,   ----,   ----,   ----,   ----,   ----,   ----,   ----,   ----,   ----,   ----,   ----,   ----,   ----,   ----,   ----,   ----,   ----,   ----,   ----,   ----,   ----,   ----,   ----,   ----,   ----,   ----,   ----,   ----,   ----,   ----,   ----,   ----,   ----,   ----,   ----,   ----,   ----,   ----,   ----,   ----,   ----,   ----,   ----,   ----,   ----,   ----,   ----,   ----,   ----,   ----,   ----,   ----,   ----,   ----,   ----,   ----,   ----,   ----,   ----,   ----,   ----,   ----,   ----,   ----,   ----,   ----,   ----,   ----,   ----,   ----,   ----,   ----,   ----,   ----,   ----,   ----,   ----,   ----,   ----,   ----,   ----,   ----,   ----,   ----,   ----,   ----,   ----,   ----,   ----,   ----,   ----,   ----,   ----,   ----,   ----,   ----,   ----,   ----,   ----,   ----,   ----,   ----,   ----,   ----,   ----,   ----,   ----,   ----,   ----,   ----,   ----,   ----,   ----,   ----,   ----,   ----,   ----,   ----,   ----,   ----,   ----,   ----,   ----,   ----,   ----,   ----,   ----,   ----,   ----,   ----,   ----,   ----,   ----,   ----,   ----,   ----,   ----,   ----,   ----,   ----,   ----,   ----,   ----,   ----,   ----,   ----,   ----,   ----,   ----,   ----,   ----,   ----,   ----,   ----,   ----,   ----,   ----,   ----,   ----,   ----,   ----,   ----,   ----,   ----,   ----,   ----,   ----,   ----,   ----,   ----,   ----,   ----,   ----,   ----,   ----,   ----,   ----,   ----,   ----,   ----,   ----,   ----,   ----,   ----,   ----,   ----,   ----,   ----,   ----,   ----,   ----,   ----,   ----,   ----,   ----,   ----,   ----,   ----,   ----,   ----,   ----,   ----,   ----,   ----,   ----,   ----,   ----,   ----,   ----,   ----,   ----,   ----,   ----,   ----,   ----,   ----,   ----,   ----,   ----,   ----,   ----,   ----,   ----,   ----,   ----,   ----,   ----,   ----,   ----,   ----,   ----,   ----,   ----,   ----,   ----,   ----,   ----,   ----,   ----,   ----,   ----,   ----,   ----,   ----,   ----,   ----,   ----,   ----,   ----,   ----,   ----,   ----,   ----,   ----,   ----,   ----,   ----,   ----,   ----,   ----,   ----,   ----,   ----,   ----,   ----,   ----,   ----,   ----,   ----,   ----,   ----,   ----,   ----,   ----,   ----,   ----,   ----,   ----,   ----,   ----,   ----,   ----,   ----,   ----,   ----,   ----,   ----,   ----,   ----,   ----,   ----,   ----,   ----,   ----,   ----,   ----,   ----,   ----,   ----,   ----,   ----,   ----,   ----,   ----,   ----,   ----,   ----,0.194332,0.000000,0.000000,   ----,   ----,   ----,   ----,   ----,   ----,   ----,   ----,   ----,   ----,   ----,   ----,   ----,   ----,   ----,   ----,   ----,   ----,   ----,   ----,   ----,   ----,   ----,   ----,   ----,   ----,   ----,   ----,   ----,   ----,   ----,   ----,   ----,   ----,   ----,   ----,   ----,0.200167,0.000000,0.000000,0.200907,0.000000,0.000000,0.104038,0.000000,0.000000,0.104038,0.000000,0.000000,0.401084,0.000000,0.000000,0.402056,0.000000,0.000000,0.999990,0.000000,0.000000,0.299447,0.000000,0.000000,-0.298296,0.000000,0.000000,-0.333324,0.333333,0.000000,0.000000,0.000000,-0.333333,0.333333,0.000000,0.000000,0.000000,-0.333333,0.333333,0.000000,0.000000,0.000000,   ----,   ----,   ----,   ----,   ----,   ----,   ----,   ----,   ----,   ----,   ----,   ----,   ----,   ----,   ----,   ----,   ----,   ----,   ----,   ----,   ----,   ----,   ----,   ----,   ----,   ----,   ----,   ----,   ----,   ----,   ----,   ----,   ----,   ----,   ----,   ----,   ----,   ----,   ----,   ----,   ----,   ----,   ----,   ----,   ----,   ----,   ----,   ----,   ----,   ----,   ----,   ----,   ----,   ----,   ----,   ----,   ----,   ----,   ----,   ----,   ----,   ----,   ----,   ----,   ----,   ----,   ----,   ----,   ----,   ----,   ----,   ----,   ----,   ----,   ----,   ----,   ----,   ----,   ----,   ----,   ----,   ----,   ----,   ----,0.986864,-0.982641,0.000000,0.000000,0.000000,   ----,   ----,   ----,   ----,   ----,   ----,   ----,   ----,   ----,   ----,   ----,   ----,   ----,   ----,   ----,   ----,   ----,   ----,   ----,   ----,-0.194958,-0.000090,0.194332,0.194958,0.803139,0.000090,-0.194332,-0.803139
-3.000000,0.000000,0.000000,   ----,   ----,   ----,   ----,   ----,   ----,   ----,   ----,   ----,   ----,   ----,   ----,   ----,   ----,   ----,   ----,   ----,   ----,   ----,   ----,   ----,   ----,   ----,   ----,0.032196,0.000002,0.000000,0.000000,   ----,   ----,   ----,   ----,   ----,   ----,   ----,   ----,   ----,   ----,   ----,   ----,   ----,   ----,   ----,   ----,   ----,   ----,   ----,   ----,   ----,   ----,   ----,   ----,   ----,   ----,   ----,   ----,   ----,   ----,   ----,   ----,   ----,   ----,   ----,   ----,   ----,   ----,   ----,   ----,   ----,   ----,   ----,   ----,   ----,   ----,   ----,   ----,   ----,   ----,   ----,   ----,   ----,   ----,   ----,   ----,   ----,   ----,   ----,   ----,   ----,   ----,   ----,   ----,0.032196,0.000002,0.000000,0.000000,   ----,   ----,   ----,   ----,   ----,   ----,   ----,   ----,   ----,   ----,   ----,   ----,   ----,   ----,   ----,   ----,   ----,   ----,   ----,   ----,   ----,   ----,   ----,   ----,   ----,   ----,   ----,   ----,   ----,   ----,   ----,   ----,   ----,   ----,   ----,   ----,0.032196,0.000002,0.000000,0.000000,   ----,   ----,   ----,   ----,   ----,   ----,   ----,   ----,   ----,   ----,   ----,   ----,   ----,   ----,   ----,   ----,   ----,   ----,   ----,   ----,   ----,   ----,   ----,   ----,   ----,   ----,   ----,   ----,   ----,   ----,   ----,   ----,   ----,   ----,   ----,   ----,0.032196,0.000002,0.000000,0.000000,   ----,   ----,   ----,   ----,   ----,   ----,   ----,   ----,   ----,   ----,   ----,   ----,   ----,   ----,   ----,   ----,   ----,   ----,   ----,   ----,   ----,   ----,   ----,   ----,   ----,   ----,   ----,   ----,   ----,   ----,   ----,   ----,   ----,   ----,   ----,   ----,0.032196,0.000002,0.000000,0.000000,   ----,   ----,   ----,   ----,   ----,   ----,   ----,   ----,   ----,   ----,   ----,   ----,   ----,   ----,   ----,   ----,   ----,   ----,   ----,   ----,   ----,   ----,   ----,   ----,   ----,   ----,   ----,   ----,0.032196,0.000002,0.000000,0.000000,   ----,   ----,   ----,   ----,   ----,   ----,   ----,   ----,   ----,   ----,   ----,   ----,   ----,   ----,   ----,   ----,   ----,   ----,   ----,   ----,   ----,   ----,   ----,   ----,   ----,   ----,   ----,   ----,   ----,   ----,   ----,   ----,   ----,   ----,   ----,   ----,   ----,   ----,   ----,   ----,   ----,   ----,   ----,   ----,   ----,   ----,   ----,   ----,   ----,   ----,   ----,   ----,   ----,   ----,   ----,   ----,   ----,   ----,   ----,   ----,   ----,   ----,   ----,   ----,   ----,   ----,   ----,   ----,   ----,   ----,   ----,   ----,   ----,   ----,   ----,   ----,   ----,   ----,   ----,   ----,   ----,   ----,   ----,   ----,   ----,   ----,   ----,   ----,   ----,   ----,   ----,   ----,   ----,   ----,   ----,   ----,   ----,   ----,   ----,   ----,0.032196,0.000002,0.000000,0.000000,   ----,   ----,   ----,   ----,   ----,   ----,   ----,   ----,   ----,   ----,   ----,   ----,   ----,   ----,   ----,   ----,   ----,   ----,   ----,   ----,   ----,   ----,   ----,   ----,   ----,   ----,   ----,   ----,   ----,   ----,   ----,   ----,   ----,   ----,   ----,   ----,0.032658,0.000003,0.000000,0.000000,0.032658,0.000003,0.000000,0.000000,   ----,   ----,   ----,   ----,   ----,   ----,   ----,   ----,   ----,   ----,   ----,   ----,   ----,   ----,   ----,   ----,   ----,   ----,   ----,   ----,   ----,   ----,   ----,   ----,   ----,   ----,   ----,   ----,   ----,   ----,   ----,   ----,   ----,   ----,   ----,   ----,0.032658,0.000003,0.000000,0.000000,0.032658,0.000003,0.000000,0.000000,   ----,   ----,   ----,   ----,0.032658,0.000003,0.000000,0.000000,   ----,   ----,   ----,   ----,   ----,   ----,   ----,   ----,0.032658,0.000003,0.000000,0.000000,   ----,   ----,   ----,   ----,   ----,   ----,   ----,   ----,0.032658,0.000003,0.000000,0.000000,   ----,   ----,   ----,   ----,   ----,   ----,   ----,   ----,0.032658,0.000003,0.000000,0.000000,   ----,   ----,   ----,   ----,0.032658,0.000003,0.000000,0.000000,   ----,   ----,   ----,   ----,   ----,   ----,   ----,   ----,0.036049,0.000003,0.000000,0.000000,   ----,   ----,   ----,   ----,   ----,   ----,   ----,   ----,   ----,   ----,   ----,   ----,   ----,   ----,   ----,   ----,   ----,   ----,   ----,   ----,   ----,   ----,   ----,   ----,   ----,   ----,   ----,   ----,   ----,   ----,   ----,   ----,   ----,   ----,   ----,   ----,   ----,   ----,   ----,   ----,   ----,   ----,   ----,   ----,0.032658,0.000003,0.000000,0.000000,   ----,   ----,   ----,   ----,   ----,   ----,   ----,   ----,0.032658,0.000003,0.000000,0.000000,   ----,   ----,   ----,   ----,   ----,   ----,   ----,   ----,0.032658,0.000003,0.000000,0.000000,   ----,   ----,   ----,   ----,   ----,   ----,   ----,   ----,0.032658,0.000003,0.000000,0.000000,   ----,   ----,   ----,   ----,0.032658,0.000003,0.000000,0.000000,0.035619,0.000000,0.000000,0.000000,0.035619,0.000000,0.000000,0.000000,0.034639,0.000000,0.000000,0.000000,0.034639,0.000000,0.000000,0.000000,   ----,   ----,   ----,   ----,   ----,   ----,   ----,   ----,   ----,   ----,   ----,   ----,   ----,   ----,   ----,   ----,   ----,   ----,   ----,   ----,   ----,   ----,   ----,   ----,   ----,   ----,   ----,   ----,   ----,   ----,   ----,   ----,   ----,   ----,   ----,   ----,   ----,   ----,   ----,   ----,   ----,   ----,   ----,   ----,   ----,   ----,   ----,   ----,   ----,   ----,   ----,   ----,   ----,   ----,   ----,   ----,0.032196,0.000002,0.000000,0.000000,   ----,   ----,   ----,   ----,   ----,   ----,   ----,   ----,   ----,   ----,   ----,   ----,   ----,   ----,   ----,   ----,   ----,   ----,   ----,   ----,   ----,   ----,   ----,   ----,   ----,   ----,   ----,   ----,   ----,   ----,   ----,   ----,   ----,   ----,   ----,   ----,0.032196,0.000002,0.000000,0.000000,   ----,   ----,   ----,   ----,   ----,   ----,   ----,   ----,   ----,   ----,   ----,   ----,   ----,   ----,   ----,   ----,   ----,   ----,   ----,   ----,   ----,   ----,   ----,   ----,   ----,   ----,   ----,   ----,   ----,   ----,   ----,   ----,   ----,   ----,   ----,   ----,   ----,   ----,   ----,   ----,   ----,   ----,   ----,   ----,   ----,   ----,   ----,   ----,   ----,   ----,   ----,   ----,   ----,   ----,   ----,   ----,   ----,   ----,   ----,   ----,   ----,   ----,   ----,   ----,   ----,   ----,   ----,   ----,   ----,   ----,   ----,   ----,   ----,   ----,   ----,   ----,   ----,   ----,   ----,   ----,   ----,   ----,   ----,   ----,   ----,   ----,   ----,   ----,   ----,   ----,   ----,   ----,   ----,   ----,   ----,   ----,   ----,   ----,   ----,   ----,0.032196,0.000002,0.000000,0.000000,   ----,   ----,   ----,   ----,   ----,   ----,   ----,   ----,   ----,   ----,   ----,   ----,   ----,   ----,   ----,   ----,   ----,   ----,   ----,   ----,   ----,   ----,   ----,   ----,   ----,   ----,   ----,   ----,   ----,   ----,   ----,   ----,   ----,   ----,   ----,   ----,0.032196,0.000002,0.000000,0.000000,   ----,   ----,   ----,   ----,   ----,   ----,   ----,   ----,   ----,   ----,   ----,   ----,   ----,   ----,   ----,   ----,   ----,   ----,   ----,   ----,   ----,   ----,   ----,   ----,   ----,   ----,   ----,   ----,   ----,   ----,   ----,   ----,   ----,   ----,   ----,   ----,0.032196,0.000002,0.000000,0.000000,   ----,   ----,   ----,   ----,   ----,   ----,   ----,   ----,   ----,   ----,   ----,   ----,   ----,   ----,   ----,   ----,   ----,   ----,   ----,   ----,   ----,   ----,   ----,   ----,   ----,   ----,   ----,   ----,   ----,   ----,   ----,   ----,   ----,   ----,   ----,   ----,0.032196,0.000002,0.000000,0.000000,   ----,   ----,   ----,   ----,   ----,   ----,   ----,   ----,   ----,   ----,   ----,   ----,   ----,   ----,   ----,   ----,   ----,   ----,   ----,   ----,   ----,   ----,   ----,   ----,   ----,   ----,   ----,   ----,   ----,   ----,   ----,   ----,   ----,   ----,   ----,   ----,0.032196,0.000002,0.000000,0.000000,   ----,   ----,   ----,   ----,   ----,   ----,   ----,   ----,   ----,   ----,   ----,   ----,   ----,   ----,   ----,   ----,   ----,   ----,   ----,   ----,   ----,   ----,   ----,   ----,   ----,   ----,   ----,   ----,   ----,   ----,   ----,   ----,   ----,   ----,   ----,   ----,0.032196,0.000002,0.000000,0.000000,   ----,   ----,   ----,   ----,   ----,   ----,   ----,   ----,   ----,   ----,   ----,   ----,   ----,   ----,   ----,   ----,   ----,   ----,   ----,   ----,   ----,   ----,   ----,   ----,   ----,   ----,   ----,   ----,   ----,   ----,   ----,   ----,   ----,   ----,   ----,   ----,0.032196,0.000002,0.000000,0.000000,   ----,   ----,   ----,   ----,   ----,   ----,   ----,   ----,   ----,   ----,   ----,   ----,   ----,   ----,   ----,   ----,   ----,   ----,   ----,   ----,   ----,   ----,   ----,   ----,   ----,   ----,   ----,   ----,   ----,   ----,   ----,   ----,   ----,   ----,   ----,   ----,0.032196,0.000002,0.000000,0.000000,   ----,   ----,   ----,   ----,   ----,   ----,   ----,   ----,   ----,   ----,   ----,   ----,   ----,   ----,   ----,   ----,   ----,   ----,   ----,   ----,   ----,   ----,   ----,   ----,   ----,   ----,   ----,   ----,0.032196,0.000002,0.000000,0.000000,   ----,   ----,   ----,   ----,   ----,   ----,   ----,   ----,   ----,   ----,   ----,   ----,   ----,   ----,   ----,   ----,   ----,   ----,   ----,   ----,   ----,   ----,   ----,   ----,   ----,   ----,   ----,   ----,   ----,   ----,   ----,   ----,0.032196,0.000002,0.000000,0.000000,   ----,   ----,   ----,   ----,   ----,   ----,   ----,   ----,   ----,   ----,   ----,   ----,   ----,   ----,   ----,   ----,   ----,   ----,   ----,   ----,   ----,   ----,   ----,   ----,   ----,   ----,   ----,   ----,   ----,   ----,   ----,   ----,   ----,   ----,   ----,   ----,   ----,   ----,   ----,   ----,   ----,   ----,   ----,   ----,   ----,   ----,   ----,   ----,   ----,   ----,   ----,   ----,   ----,   ----,   ----,   ----,   ----,   ----,   ----,   ----,   ----,   ----,   ----,   ----,   ----,   ----,   ----,   ----,   ----,   ----,   ----,   ----,   ----,   ----,   ----,   ----,   ----,   ----,   ----,   ----,   ----,   ----,   ----,   ----,   ----,   ----,   ----,   ----,   ----,   ----,   ----,   ----,   ----,   ----,   ----,   ----,   ----,   ----,   ----,   ----,   ----,   ----,   ----,   ----,   ----,   ----,   ----,   ----,   ----,   ----,   ----,   ----,   ----,   ----,   ----,   ----,   ----,   ----,   ----,   ----,   ----,   ----,   ----,   ----,   ----,   ----,   ----,   ----,   ----,   ----,   ----,   ----,   ----,   ----,   ----,   ----,   ----,   ----,   ----,   ----,   ----,   ----,   ----,   ----,   ----,   ----,   ----,   ----,   ----,   ----,   ----,   ----,   ----,   ----,   ----,   ----,   ----,   ----,   ----,   ----,   ----,   ----,   ----,   ----,   ----,   ----,   ----,   ----,   ----,   ----,   ----,   ----,   ----,   ----,   ----,   ----,   ----,   ----,   ----,   ----,   ----,   ----,   ----,   ----,   ----,   ----,   ----,   ----,   ----,   ----,   ----,   ----,   ----,   ----,   ----,   ----,   ----,   ----,   ----,   ----,   ----,   ----,   ----,   ----,   ----,   ----,   ----,   ----,   ----,   ----,   ----,   ----,   ----,   ----,   ----,   ----,   ----,   ----,   ----,   ----,   ----,   ----,   ----,   ----,   ----,   ----,   ----,   ----,   ----,   ----,   ----,   ----,0.032658,0.000003,0.000000,0.000000,0.032658,0.000003,0.000000,0.000000,   ----,   ----,   ----,   ----,0.032658,0.000003,0.000000,0.000000,   ----,   ----,   ----,   ----,   ----,   ----,   ----,   ----,0.032658,0.000003,0.000000,0.000000,   ----,   ----,   ----,   ----,   ----,   ----,   ----,   ----,0.032658,0.000003,0.000000,0.000000,   ----,   ----,   ----,   ----,   ----,   ----,   ----,   ----,0.032658,0.000003,0.000000,0.000000,   ----,   ----,   ----,   ----,   ----,   ----,   ----,   ----,0.032658,0.000003,0.000000,0.000000,   ----,   ----,   ----,   ----,   ----,   ----,   ----,   ----,0.032658,0.000003,0.000000,0.000000,   ----,   ----,   ----,   ----,   ----,   ----,   ----,   ----,0.032658,0.000003,0.000000,0.000000,   ----,   ----,   ----,   ----,   ----,   ----,   ----,   ----,0.032658,0.000003,0.000000,0.000000,   ----,   ----,   ----,   ----,0.032658,0.000003,0.000000,0.000000,0.032658,0.000003,0.000000,0.000000,0.032658,0.000003,0.000000,0.000000,0.032658,0.000003,0.000000,0.000000,   ----,   ----,   ----,   ----,0.032658,0.000003,0.000000,0.000000,   ----,   ----,   ----,   ----,   ----,   ----,   ----,   ----,0.032658,0.000003,0.000000,0.000000,   ----,   ----,   ----,   ----,   ----,   ----,   ----,   ----,0.032658,0.000003,0.000000,0.000000,   ----,   ----,   ----,   ----,   ----,   ----,   ----,   ----,0.032658,0.000003,0.000000,0.000000,   ----,   ----,   ----,   ----,   ----,   ----,   ----,   ----,0.032658,0.000003,0.000000,0.000000,   ----,   ----,   ----,   ----,   ----,   ----,   ----,   ----,0.032658,0.000003,0.000000,0.000000,   ----,   ----,   ----,   ----,   ----,   ----,   ----,   ----,0.032658,0.000003,0.000000,0.000000,   ----,   ----,   ----,   ----,   ----,   ----,   ----,   ----,0.032658,0.000003,0.000000,0.000000,   ----,   ----,   ----,   ----,0.032658,0.000003,0.000000,0.000000,0.032658,0.000003,0.000000,0.000000,-0.500155,0.000000,0.000000,-0.500155,0.000000,0.000000,0.403669,0.000000,0.000000,-0.299418,0.000000,0.000000,-0.299418,0.000000,0.000000,   ----,   ----,   ----,   ----,   ----,   ----,   ----,   ----,   ----,   ----,   ----,   ----,   ----,   ----,   ----,   ----,   ----,   ----,   ----,   ----,   ----,   ----,   ----,   ----,   ----,   ----,   ----,   ----,   ----,   ----,   ----,-0.120524,0.000000,0.000000,-0.120987,0.000000,0.000000,0.178068,0.000000,0.000000,0.178068,0.000000,0.000000,0.296679,0.000000,0.000000,0.297478,0.000000,0.000000,   ----,   ----,   ----,0.120788,0.000000,0.000000,-0.120321,0.000000,0.000000,   ----,   ----,   ----,   ----,   ----,   ----,   ----,   ----,   ----,   ----,   ----,   ----,   ----,   ----,   ----,0.451282,0.000000,0.000000,-0.548527,0.000000,0.000000,   ----,   ----,   ----,-0.199976,0.200000,0.000000,0.000000,0.000000,-0.199976,0.200000,0.000000,0.000000,0.000000,-0.199985,0.200000,0.000000,0.000000,0.000000,-0.199985,0.200000,0.000000,0.000000,0.000000,-0.199998,0.200000,0.000000,0.000000,0.000000,-0.133014,0.000000,0.000000,0.133245,0.000000,0.000000,0.133245,0.000000,0.000000,0.133090,0.000000,0.000000,0.133090,0.000000,0.000000,   ----,   ----,   ----,   ----,   ----,   ----,   ----,   ----,   ----,   ----,   ----,   ----,   ----,   ----,   ----,   ----,   ----,   ----,   ----,   ----,   ----,   ----,   ----,   ----,   ----,   ----,   ----,   ----,   ----,   ----,   ----,   ----,   ----,   ----,   ----,0.987107,-0.982886,0.000000,0.000000,0.000000,   ----,   ----,   ----,   ----,   ----,   ----,   ----,   ----,   ----,   ----,   ----,   ----,   ----,   ----,   ----,   ----,   ----,   ----,   ----,   ----,0.598843,-1.000310,0.403669,-0.598843,0.594157,1.000310,-0.403669,-0.594157
-4.000000,0.000000,0.000000,   ----,   ----,   ----,   ----,   ----,   ----,   ----,   ----,   ----,   ----,   ----,   ----,   ----,   ----,   ----,   ----,   ----,   ----,   ----,   ----,   ----,   ----,   ----,   ----,   ----,   ----,   ----,   ----,   ----,   ----,   ----,   ----,   ----,   ----,   ----,   ----,   ----,   ----,   ----,   ----,   ----,   ----,   ----,   ----,   ----,   ----,   ----,   ----,   ----,   ----,   ----,   ----,   ----,   ----,   ----,   ----,   ----,   ----,   ----,   ----,   ----,   ----,   ----,   ----,   ----,   ----,   ----,   ----,   ----,   ----,   ----,   ----,   ----,   ----,   ----,   ----,   ----,   ----,   ----,   ----,   ----,   ----,   ----,   ----,   ----,   ----,   ----,   ----,   ----,   ----,   ----,   ----,   ----,   ----,   ----,   ----,   ----,   ----,   ----,   ----,   ----,   ----,   ----,   ----,   ----,   ----,   ----,   ----,   ----,   ----,   ----,   ----,   ----,   ----,   ----,   ----,   ----,   ----,   ----,   ----,   ----,   ----,   ----,   ----,   ----,   ----,   ----,   ----,   ----,   ----,   ----,   ----,   ----,   ----,   ----,   ----,   ----,   ----,   ----,   ----,   ----,   ----,   ----,   ----,   ----,   ----,   ----,   ----,   ----,   ----,   ----,   ----,   ----,   ----,   ----,   ----,   ----,   ----,   ----,   ----,   ----,   ----,   ----,   ----,   ----,   ----,   ----,   ----,   ----,   ----,   ----,   ----,   ----,   ----,   ----,   ----,   ----,   ----,   ----,   ----,   ----,   ----,   ----,   ----,   ----,   ----,   ----,   ----,   ----,   ----,   ----,   ----,   ----,   ----,   ----,   ----,   ----,   ----,   ----,   ----,   ----,   ----,   ----,   ----,   ----,   ----,   ----,   ----,   ----,   ----,   ----,   ----,   ----,   ----,   ----,   ----,   ----,   ----,   ----,   ----,   ----,   ----,   ----,   ----,   ----,   ----,   ----,   ----,   ----,   ----,   ----,   ----,   ----,   ----,   ----,   ----,   ----,   ----,   ----,   ----,   ----,   ----,   ----,   ----,   ----,   ----,   ----,   ----,   ----,   ----,   ----,   ----,   ----,   ----,   ----,   ----,   ----,   ----,   ----,   ----,   ----,   ----,   ----,   ----,   ----,   ----,   ----,   ----,   ----,   ----,   ----,   ----,   ----,   ----,   ----,   ----,   ----,   ----,   ----,   ----,   ----,   ----,   ----,   ----,   ----,   ----,   ----,   ----,   ----,   ----,   ----,   ----,   ----,   ----,   ----,   ----,   ----,   ----,   ----,   ----,   ----,   ----,   ----,   ----,   ----,   ----,   ----,   ----,   ----,   ----,   ----,   ----,   ----,   ----,   ----,   ----,   ----,   ----,   ----,   ----,   ----,   ----,   ----,   ----,   ----,   ----,   ----,   ----,   ----,   ----,   ----,   ----,   ----,   ----,   ----,   ----,   ----,   ----,   ----,   ----,   ----,   ----,   ----,   ----,   ----,   ----,   ----,   ----,   ----,   ----,   ----,   ----,   ----,   ----,   ----,   ----,   ----,   ----,   ----,   ----,   ----,   ----,   ----,   ----,   ----,   ----,   ----,   ----,   ----,   ----,   ----,   ----,   ----,   ----,   ----,   ----,   ----,   ----,   ----,   ----,   ----,   ----,   ----,   ----,   ----,   ----,   ----,   ----,   ----,   ----,   ----,   ----,   ----,   ----,   ----,   ----,   ----,   ----,   ----,   ----,   ----,   ----,   ----,   ----,   ----,   ----,   ----,   ----,   ----,   ----,   ----,   ----,   ----,   ----,   ----,   ----,   ----,   ----,   ----,   ----,   ----,   ----,   ----,   ----,   ----,   ----,   ----,   ----,   ----,   ----,   ----,   ----,   ----,   ----,   ----,   ----,   ----,   ----,   ----,   ----,   ----,   ----,   ----,   ----,   ----,   ----,   ----,   ----,   ----,   ----,   ----,   ----,   ----,   ----,   ----,   ----,   ----,   ----,   ----,   ----,   ----,   ----,   ----,   ----,   ----,   ----,   ----,   ----,   ----,   ----,   ----,   ----,   ----,   ----,   ----,   ----,   ----,   ----,   ----,   ----,   ----,   ----,   ----,   ----,   ----,   ----,   ----,   ----,   ----,   ----,   ----,   ----,   ----,   ----,   ----,   ----,   ----,   ----,   ----,   ----,   ----,   ----,   ----,   ----,   ----,   ----,   ----,   ----,   ----,   ----,   ----,   ----,   ----,   ----,   ----,   ----,   ----,   ----,   ----,   ----,   ----,   ----,   ----,   ----,   ----,   ----,   ----,   ----,   ----,   ----,   ----,   ----,   ----,   ----,   ----,   ----,   ----,   ----,   ----,   ----,   ----,   ----,   ----,   ----,   ----,   ----,   ----,   ----,   ----,   ----,   ----,   ----,   ----,   ----,   ----,   ----,   ----,   ----,   ----,   ----,   ----,   ----,   ----,   ----,   ----,   ----,   ----,   ----,   ----,   ----,   ----,   ----,   ----,   ----,   ----,   ----,   ----,   ----,   ----,   ----,   ----,   ----,   ----,   ----,   ----,   ----,   ----,   ----,   ----,   ----,   ----,   ----,   ----,   ----,   ----,   ----,   ----,   ----,   ----,   ----,   ----,   ----,   ----,   ----,   ----,   ----,   ----,   ----,   ----,   ----,   ----,   ----,   ----,   ----,   ----,   ----,   ----,   ----,   ----,   ----,   ----,   ----,   ----,   ----,   ----,   ----,   ----,   ----,   ----,   ----,   ----,   ----,   ----,   ----,   ----,   ----,   ----,   ----,   ----,   ----,   ----,   ----,   ----,   ----,   ----,   ----,   ----,   ----,   ----,   ----,   ----,   ----,   ----,   ----,   ----,   ----,   ----,   ----,   ----,   ----,   ----,   ----,   ----,   ----,   ----,   ----,   ----,   ----,   ----,   ----,   ----,   ----,   ----,   ----,   ----,   ----,   ----,   ----,   ----,   ----,   ----,   ----,   ----,   ----,   ----,   ----,   ----,   ----,   ----,   ----,   ----,   ----,   ----,   ----,   ----,   ----,   ----,   ----,   ----,   ----,   ----,   ----,   ----,   ----,   ----,   ----,   ----,   ----,   ----,   ----,   ----,   ----,   ----,   ----,   ----,   ----,   ----,   ----,   ----,   ----,   ----,   ----,   ----,   ----,   ----,   ----,   ----,   ----,   ----,   ----,   ----,   ----,   ----,   ----,   ----,   ----,   ----,   ----,   ----,   ----,   ----,   ----,   ----,   ----,   ----,   ----,   ----,   ----,   ----,   ----,   ----,   ----,   ----,   ----,   ----,   ----,   ----,   ----,   ----,   ----,   ----,   ----,   ----,   ----,   ----,   ----,   ----,   ----,   ----,   ----,   ----,   ----,   ----,   ----,   ----,   ----,   ----,   ----,   ----,   ----,   ----,   ----,   ----,   ----,   ----,   ----,   ----,   ----,   ----,   ----,   ----,   ----,   ----,   ----,   ----,   ----,   ----,   ----,   ----,   ----,   ----,   ----,   ----,   ----,   ----,   ----,   ----,   ----,   ----,   ----,   ----,   ----,   ----,   ----,   ----,   ----,   ----,   ----,   ----,   ----,   ----,   ----,   ----,   ----,   ----,   ----,   ----,   ----,   ----,   ----,   ----,   ----,   ----,   ----,   ----,   ----,   ----,   ----,   ----,   ----,   ----,   ----,   ----,   ----,   ----,   ----,   ----,   ----,   ----,   ----,   ----,   ----,   ----,   ----,   ----,   ----,   ----,   ----,   ----,   ----,   ----,   ----,   ----,   ----,   ----,   ----,   ----,   ----,   ----,   ----,   ----,   ----,   ----,   ----,   ----,   ----,   ----,   ----,   ----,   ----,   ----,   ----,   ----,   ----,   ----,   ----,   ----,   ----,   ----,   ----,   ----,   ----,   ----,   ----,   ----,   ----,   ----,   ----,   ----,   ----,   ----,   ----,   ----,   ----,   ----,   ----,   ----,   ----,   ----,   ----,   ----,   ----,   ----,   ----,   ----,   ----,   ----,   ----,   ----,   ----,   ----,   ----,   ----,   ----,   ----,   ----,   ----,   ----,   ----,   ----,   ----,   ----,   ----,   ----,   ----,   ----,   ----,   ----,   ----,   ----,   ----,   ----,   ----,   ----,   ----,   ----,   ----,   ----,   ----,   ----,   ----,   ----,   ----,   ----,   ----,   ----,   ----,   ----,   ----,   ----,   ----,   ----,   ----,   ----,   ----,   ----,   ----,   ----,   ----,   ----,   ----,   ----,   ----,   ----,   ----,   ----,   ----,   ----,   ----,   ----,   ----,   ----,   ----,   ----,   ----,   ----,   ----,   ----,   ----,   ----,   ----,   ----,   ----,   ----,   ----,   ----,   ----,   ----,   ----,   ----,   ----,   ----,   ----,   ----,   ----,   ----,   ----,   ----,   ----,   ----,   ----,   ----,   ----,   ----,   ----,   ----,   ----,   ----,   ----,   ----,   ----,   ----,   ----,   ----,   ----,   ----,   ----,   ----,   ----,   ----,   ----,   ----,   ----,   ----,   ----,   ----,   ----,   ----,   ----,   ----,   ----,   ----,   ----,   ----,   ----,   ----,   ----,   ----,   ----,   ----,   ----,   ----,   ----,   ----,   ----,   ----,   ----,   ----,   ----,   ----,   ----,   ----,   ----,   ----,   ----,   ----,   ----,   ----,   ----,   ----,   ----,   ----,   ----,   ----,   ----,   ----,   ----,   ----,   ----,   ----,   ----,   ----,   ----,   ----,   ----,   ----,   ----,   ----,   ----,   ----,   ----,   ----,   ----,   ----,   ----,   ----,   ----,   ----,   ----,   ----,   ----,   ----,   ----,   ----,   ----,   ----,   ----,   ----,   ----,   ----,   ----,   ----,   ----,   ----,   ----,   ----,   ----,   ----,   ----,   ----,   ----,   ----,   ----,   ----,   ----,   ----,   ----,   ----,   ----,   ----,   ----,   ----,   ----,   ----,   ----,   ----,   ----,   ----,   ----,   ----,   ----,   ----,   ----,   ----,   ----,   ----,   ----,   ----,   ----,   ----,   ----,   ----,   ----,   ----,   ----,   ----,   ----,   ----,   ----,   ----,   ----,   ----,   ----,   ----,   ----,   ----,   ----,   ----,   ----,   ----,   ----,   ----,   ----,   ----,   ----,   ----,   ----,   ----,   ----,   ----,   ----,   ----,   ----,   ----,   ----,   ----,   ----,   ----,   ----,   ----,   ----,   ----,   ----,   ----,   ----,   ----,   ----,   ----,   ----,   ----,   ----,   ----,   ----,   ----,   ----,   ----,   ----,   ----,   ----,   ----,   ----,   ----,   ----,   ----,   ----,   ----,   ----,   ----,   ----,   ----,   ----,   ----,   ----,   ----,   ----,   ----,   ----,   ----,   ----,   ----,   ----,   ----,   ----,   ----,   ----,   ----,   ----,   ----,   ----,   ----,   ----,   ----,   ----,   ----,   ----,   ----,   ----,   ----,   ----,   ----,   ----,   ----,   ----,   ----,   ----,   ----,   ----,   ----,   ----,   ----,   ----,   ----,   ----,   ----,   ----,   ----,   ----,   ----,   ----,   ----,   ----,   ----,   ----,   ----,   ----,   ----,   ----,   ----,   ----,   ----,   ----,   ----,   ----,   ----,   ----,   ----,   ----,   ----,   ----,   ----,   ----,   ----,   ----,   ----,   ----,   ----,   ----,   ----,   ----,   ----,   ----,   ----,   ----,   ----,   ----,   ----,   ----,   ----,   ----,   ----,   ----,   ----,   ----,   ----,   ----,   ----,   ----,   ----,   ----,   ----,   ----,   ----,   ----,   ----,   ----,   ----,   ----,   ----,   ----,   ----,   ----,   ----,   ----,   ----,   ----,   ----,   ----,   ----,   ----,   ----,   ----,   ----,   ----,   ----,   ----,   ----,   ----,   ----,   ----,   ----,   ----,   ----,   ----,   ----,   ----,   ----,   ----,   ----,   ----,   ----,   ----,   ----,   ----,   ----,   ----,   ----,   ----,   ----,   ----,   ----,   ----,   ----,   ----,   ----,   ----,   ----,   ----,   ----,   ----,   ----,   ----,   ----,   ----,   ----,   ----,   ----,   ----,   ----,   ----,   ----,   ----,   ----,   ----,   ----,   ----,   ----,   ----,   ----,   ----,   ----,   ----,   ----,   ----,   ----,   ----,   ----,   ----,   ----,   ----,   ----,   ----,   ----,   ----,   ----,   ----,   ----,   ----,   ----,   ----,   ----,   ----,   ----,   ----,   ----,   ----,   ----,   ----,   ----,   ----,   ----,   ----,   ----,   ----,   ----,   ----,   ----,   ----,   ----,   ----,   ----,   ----,   ----,   ----,   ----,   ----,   ----,   ----,   ----,   ----,   ----,   ----,   ----,   ----,   ----,   ----,   ----,   ----,   ----,   ----,   ----,   ----,   ----,   ----,   ----,   ----,   ----,   ----,   ----,   ----,   ----,   ----,   ----,   ----,   ----,   ----,   ----,   ----,   ----,   ----,   ----,   ----,   ----,   ----,   ----,   ----,   ----,   ----,   ----,   ----,   ----,   ----,   ----,   ----,   ----,   ----,   ----,   ----,   ----,   ----,   ----,   ----,   ----,   ----,   ----,   ----,   ----,   ----,   ----,   ----,   ----,   ----,   ----,   ----,   ----,   ----,   ----,   ----,   ----,   ----,   ----,   ----,   ----,   ----,   ----,   ----,   ----,   ----,   ----,   ----,   ----,   ----,   ----,   ----,   ----,   ----,   ----,   ----,   ----,   ----,   ----,   ----,   ----,   ----,   ----,   ----,   ----,   ----,   ----,   ----,   ----,   ----,   ----,   ----,   ----,   ----,   ----,   ----,   ----,   ----,   ----,   ----,   ----,   ----,   ----,   ----,   ----,   ----,   ----,   ----,   ----,   ----,   ----,   ----,   ----,   ----,   ----,   ----,   ----,   ----,   ----,   ----,   ----,   ----,   ----,   ----,   ----,   ----,   ----,   ----,   ----,   ----,   ----,   ----,   ----,   ----,   ----,   ----,   ----,   ----,   ----,   ----,   ----,   ----,   ----,   ----,   ----,   ----,   ----,   ----,   ----,   ----,   ----,   ----,   ----,   ----,   ----,   ----,   ----,   ----,   ----,   ----,   ----,   ----,   ----,   ----,   ----,   ----,   ----,   ----,   ----,   ----,   ----,   ----,   ----,   ----,   ----,   ----,   ----,   ----,   ----,   ----,   ----,   ----,   ----,   ----,   ----,   ----,   ----,   ----,   ----,   ----,   ----,   ----,   ----,   ----,   ----,   ----,   ----,   ----,   ----,   ----,   ----,   ----,   ----,   ----,   ----,   ----,   ----,   ----,   ----,   ----,   ----,   ----,   ----,   ----,   ----,   ----,   ----,   ----,   ----,   ----,   ----,   ----,   ----,   ----,   ----,   ----,   ----,   ----,   ----,   ----,   ----,   ----,   ----,   ----,   ----,   ----,   ----,   ----,   ----,   ----,   ----,   ----,   ----,   ----,   ----,   ----,   ----,   ----,   ----,   ----,   ----,   ----,   ----,   ----,   ----,   ----,   ----,   ----,   ----,   ----,   ----,   ----,   ----,   ----,   ----,   ----,   ----,   ----,   ----,   ----,   ----,   ----,   ----,   ----,   ----,   ----,   ----,   ----,   ----,   ----,   ----,-0.162449,0.000000,0.000000,0.119614,0.000000,0.000000,0.119614,0.000000,0.000000,0.333762,0.000000,0.000000,0.333762,0.000000,0.000000,   ----,   ----,   ----,   ----,   ----,   ----,   ----,   ----,   ----,   ----,   ----,   ----,   ----,   ----,   ----,   ----,   ----,   ----,   ----,   ----,   ----,   ----,   ----,   ----,   ----,   ----,   ----,   ----,   ----,   ----,   ----,   ----,   ----,   ----,   ----,0.927689,-0.923704,0.000000,0.000000,0.000000,-0.142861,0.142857,0.000000,0.000000,0.000000,-0.142861,0.142857,0.000000,0.000000,0.000000,   ----,   ----,   ----,   ----,   ----,   ----,   ----,   ----,   ----,   ----,0.027002,-0.000045,-0.026863,-0.027002,0.026823,0.000045,0.026863,-0.026823
